customer_id,comment,severity
C00002,This is the third billing error in a row. I am losing patience.,4
C00002,I have been trying to get this resolved for two weeks now.,3
C00002,I was on hold for about 20 minutes which felt long.,2
C00005,My bill has errors and I have had to call twice about the same issue.,3
C00005,My bill was slightly higher than I expected this month.,2
C00006,The technician did not show up at the agreed time without any notice.,3
C00007,I have been trying to get this resolved for two weeks now.,3
C00007,I have been trying to get this resolved for two weeks now.,3
C00007,My bill has errors and I have had to call twice about the same issue.,3
C00007,I am switching providers immediately. I cannot tolerate this incompetence.,5
C00007,I want a formal complaint registered. This has gone on too long.,4
C00008,The technician arrived a bit late but did a good job.,2
C00008,My meter reading submission didn't go through on the first try.,2
C00008,I am very unhappy with the service. My complaint from last month is still open.,4
C00009,Could you send me a copy of last month's bill?,1
C00010,I waited longer than usual for a callback but it came eventually.,2
C00010,The online chat bot could not help me and I had to call anyway.,3
C00010,My power has been out for two days and nobody has given me an update.,4
C00011,The level of service I am receiving is completely unacceptable.,4
C00012,My bill has errors and I have had to call twice about the same issue.,3
C00012,Response time was a bit slower than last time I called.,2
C00013,My meter reading submission didn't go through on the first try.,2
C00014,The rate increase was not communicated clearly and came as a surprise.,3
C00014,"Everything is fine, just updating my details.",1
C00014,I took a day off work for the technician and nobody came.,4
C00014,I have been without power for five days and your team does not care at all.,5
C00015,I am considering switching providers if this is not fixed immediately.,4
C00016,I am not satisfied with how my previous complaint was handled.,3
C00016,I feel like loyal customers are not being valued the way they should be.,3
C00016,"There was a small discrepancy on my statement, now resolved.",2
C00016,I had trouble navigating the new online portal at first.,2
C00016,The customer service agent I spoke to was not very helpful.,3
C00017,I have been trying to get this resolved for two weeks now.,3
C00017,I want a full refund and I am cancelling everything today.,5
C00017,The email confirmation for my account change took two days to arrive.,2
C00017,Could you send me a copy of last month's bill?,1
C00018,Your company has overcharged me for months and nobody will fix it.,5
C00018,My bill was slightly higher than I expected this month.,2
C00019,Can you confirm my direct debit amount?,1
C00020,The rate increase was not communicated clearly and came as a surprise.,3
C00021,I want a formal complaint registered. This has gone on too long.,4
C00022,I would like to check my current balance please.,1
C00022,I have been trying to get this resolved for two weeks now.,3
C00023,I would like to know my current contract end date.,1
C00023,I have been waiting over a week for someone to call me back.,3
C00023,My meter reading submission didn't go through on the first try.,2
C00023,The email confirmation for my account change took two days to arrive.,2
C00023,The technician did not show up at the agreed time without any notice.,3
C00023,My account was charged incorrectly and I am still waiting for a credit.,3
C00024,The online chat bot could not help me and I had to call anyway.,3
C00024,I feel like loyal customers are not being valued the way they should be.,3
C00024,My bill has errors and I have had to call twice about the same issue.,3
C00025,Quick question about the new tariff letter I received.,1
C00025,I am contacting my lawyer. This is negligent and completely unacceptable.,5
C00026,The online chat bot could not help me and I had to call anyway.,3
C00026,"Everything is fine, just updating my details.",1
C00026,Could you send me a copy of last month's bill?,1
C00027,Calling to update my billing address.,1
C00027,This is the third billing error in a row. I am losing patience.,4
C00027,"There was a small discrepancy on my statement, now resolved.",2
C00027,I want to cancel my account. I have had enough of this terrible service.,5
C00028,The technician arrived a bit late but did a good job.,2
C00029,My bill was slightly higher than I expected this month.,2
C00029,Your company has overcharged me for months and nobody will fix it.,5
C00029,The email confirmation for my account change took two days to arrive.,2
C00030,I want a formal complaint registered. This has gone on too long.,4
C00030,I feel like loyal customers are not being valued the way they should be.,3
C00031,The online chat bot could not help me and I had to call anyway.,3
C00031,My account was charged incorrectly and I am still waiting for a credit.,3
C00031,I am not satisfied with how my previous complaint was handled.,3
C00033,I am contacting my lawyer. This is negligent and completely unacceptable.,5
C00033,"Everything is fine, just updating my details.",1
C00033,I waited longer than usual for a callback but it came eventually.,2
C00034,I was on hold for about 20 minutes which felt long.,2
C00034,My bill was slightly higher than I expected this month.,2
C00035,I am not satisfied with how my previous complaint was handled.,3
C00036,The rate increase was not communicated clearly and came as a surprise.,3
C00036,I am switching providers immediately. I cannot tolerate this incompetence.,5
C00036,This is the third billing error in a row. I am losing patience.,4
C00036,My meter reading submission didn't go through on the first try.,2
C00037,My bill has errors and I have had to call twice about the same issue.,3
C00038,My bill has errors and I have had to call twice about the same issue.,3
C00038,Could you send me a copy of last month's bill?,1
C00039,I am going to leave a public review warning everyone about this company.,5
C00039,My bill was slightly higher than I expected this month.,2
C00039,I would like to know my current contract end date.,1
C00039,I was treated rudely on my last call and I want this addressed.,4
C00039,I am considering switching providers if this is not fixed immediately.,4
C00039,I am very unhappy with the service. My complaint from last month is still open.,4
C00039,Just checking when my next meter read is scheduled.,1
C00039,The email confirmation for my account change took two days to arrive.,2
C00040,Nobody in your company seems to take responsibility for anything.,4
C00040,I am very unhappy with the service. My complaint from last month is still open.,4
C00040,The technician arrived a bit late but did a good job.,2
C00040,My meter reading submission didn't go through on the first try.,2
C00040,I have been trying to get this resolved for two weeks now.,3
C00040,I want to switch to paperless billing.,1
C00041,My meter reading submission didn't go through on the first try.,2
C00042,The website was slow when I tried to log in yesterday.,2
C00042,My bill has errors and I have had to call twice about the same issue.,3
C00042,Response time was a bit slower than last time I called.,2
C00042,I waited longer than usual for a callback but it came eventually.,2
C00043,Could you send me a copy of last month's bill?,1
C00043,I am not satisfied with how my previous complaint was handled.,3
C00044,My bill has errors and I have had to call twice about the same issue.,3
C00046,The email confirmation for my account change took two days to arrive.,2
C00046,I have been trying to get this resolved for two weeks now.,3
C00047,The technician did not show up at the agreed time without any notice.,3
C00047,The website was slow when I tried to log in yesterday.,2
C00047,The website was slow when I tried to log in yesterday.,2
C00048,This is absolutely disgraceful. I am filing a formal complaint with the regulator.,5
C00048,The level of service I am receiving is completely unacceptable.,4
C00048,The technician did not show up at the agreed time without any notice.,3
C00049,I want to cancel my account. I have had enough of this terrible service.,5
C00050,My meter reading submission didn't go through on the first try.,2
C00050,I am very unhappy with the service. My complaint from last month is still open.,4
C00050,Could you send me a copy of last month's bill?,1
C00050,Can you confirm my direct debit amount?,1
C00050,"Everything is fine, just updating my details.",1
C00051,I am not satisfied with how my previous complaint was handled.,3
C00051,I would like to know my current contract end date.,1
C00051,I want to switch to paperless billing.,1
C00051,Just checking when my next meter read is scheduled.,1
C00052,I am not satisfied with how my previous complaint was handled.,3
C00052,The level of service I am receiving is completely unacceptable.,4
C00053,I want to switch to paperless billing.,1
C00053,My bill was slightly higher than I expected this month.,2
C00054,I took a day off work for the technician and nobody came.,4
C00054,Your company has overcharged me for months and nobody will fix it.,5
C00056,The website was slow when I tried to log in yesterday.,2
C00056,I had trouble navigating the new online portal at first.,2
C00056,My bill has errors and I have had to call twice about the same issue.,3
C00056,I have escalated this complaint twice and it is still not resolved.,4
C00058,The worst customer experience I have ever had in my life.,5
C00059,The customer service agent I spoke to was not very helpful.,3
C00059,Nobody in your company seems to take responsibility for anything.,4
C00060,"There was a small discrepancy on my statement, now resolved.",2
C00061,I would like to know my current contract end date.,1
C00062,Can you confirm my direct debit amount?,1
C00062,The technician did not show up at the agreed time without any notice.,3
C00063,Your company has overcharged me for months and nobody will fix it.,5
C00063,I waited longer than usual for a callback but it came eventually.,2
C00064,My meter reading submission didn't go through on the first try.,2
C00064,My account was charged incorrectly and I am still waiting for a credit.,3
C00064,Response time was a bit slower than last time I called.,2
C00065,I have been waiting over a week for someone to call me back.,3
C00066,I am going to leave a public review warning everyone about this company.,5
C00067,Can you confirm my direct debit amount?,1
C00067,My meter reading submission didn't go through on the first try.,2
C00067,My bill was slightly higher than I expected this month.,2
C00068,The technician arrived a bit late but did a good job.,2
C00068,This is the third billing error in a row. I am losing patience.,4
C00069,The rate increase was not communicated clearly and came as a surprise.,3
C00069,I need to change my contact phone number on the account.,1
C00070,Nobody in your company seems to take responsibility for anything.,4
C00070,I feel like loyal customers are not being valued the way they should be.,3
C00070,Response time was a bit slower than last time I called.,2
C00071,Could you send me a copy of last month's bill?,1
C00071,Calling to update my billing address.,1
C00072,The website was slow when I tried to log in yesterday.,2
C00073,I have been without power for five days and your team does not care at all.,5
C00073,I have been without power for five days and your team does not care at all.,5
C00073,I have been waiting over a week for someone to call me back.,3
C00073,I would like to check my current balance please.,1
C00074,I am going to leave a public review warning everyone about this company.,5
C00074,Quick question about the new tariff letter I received.,1
C00074,I was on hold for about 20 minutes which felt long.,2
C00074,I had trouble navigating the new online portal at first.,2
C00075,Could you send me a copy of last month's bill?,1
C00075,I would like to know my current contract end date.,1
C00076,I want a full refund and I am cancelling everything today.,5
C00076,My bill has errors and I have had to call twice about the same issue.,3
C00076,The level of service I am receiving is completely unacceptable.,4
C00077,My bill was slightly higher than I expected this month.,2
C00077,My power has been out for two days and nobody has given me an update.,4
C00079,I took a day off work for the technician and nobody came.,4
C00079,Nobody in your company seems to take responsibility for anything.,4
C00080,The website was slow when I tried to log in yesterday.,2
C00080,My account was charged incorrectly and I am still waiting for a credit.,3
C00080,Could you send me a copy of last month's bill?,1
C00080,I have been waiting over a week for someone to call me back.,3
C00080,Your company has overcharged me for months and nobody will fix it.,5
C00081,I am not satisfied with how my previous complaint was handled.,3
C00081,I would like to check my current balance please.,1
C00082,My meter reading submission didn't go through on the first try.,2
C00082,I need to change my contact phone number on the account.,1
C00082,The online chat bot could not help me and I had to call anyway.,3
C00085,I have been trying to get this resolved for two weeks now.,3
C00085,The level of service I am receiving is completely unacceptable.,4
C00086,I was treated rudely on my last call and I want this addressed.,4
C00086,Can you confirm my direct debit amount?,1
C00086,I was treated rudely on my last call and I want this addressed.,4
C00086,I am considering switching providers if this is not fixed immediately.,4
C00088,The rate increase was not communicated clearly and came as a surprise.,3
C00089,The technician did not show up at the agreed time without any notice.,3
C00089,I have escalated this complaint twice and it is still not resolved.,4
C00090,The website was slow when I tried to log in yesterday.,2
C00091,Just checking when my next meter read is scheduled.,1
C00092,The customer service agent I spoke to was not very helpful.,3
C00093,The website was slow when I tried to log in yesterday.,2
C00093,I was on hold for about 20 minutes which felt long.,2
C00094,This is absolutely disgraceful. I am filing a formal complaint with the regulator.,5
C00095,This is the third billing error in a row. I am losing patience.,4
C00097,I am not satisfied with how my previous complaint was handled.,3
C00097,I need to change my contact phone number on the account.,1
C00097,My power has been out for two days and nobody has given me an update.,4
C00097,I want a formal complaint registered. This has gone on too long.,4
C00097,I had trouble navigating the new online portal at first.,2
C00097,Quick question about the new tariff letter I received.,1
C00097,Response time was a bit slower than last time I called.,2
C00099,I am very unhappy with the service. My complaint from last month is still open.,4
C00099,I am very unhappy with the service. My complaint from last month is still open.,4
C00100,This is absolutely disgraceful. I am filing a formal complaint with the regulator.,5
C00101,"There was a small discrepancy on my statement, now resolved.",2
C00101,My bill has errors and I have had to call twice about the same issue.,3
C00101,The online chat bot could not help me and I had to call anyway.,3
C00102,The website was slow when I tried to log in yesterday.,2
C00102,Calling to update my billing address.,1
C00102,The website was slow when I tried to log in yesterday.,2
C00103,The worst customer experience I have ever had in my life.,5
C00104,The customer service agent I spoke to was not very helpful.,3
C00104,I would like to check my current balance please.,1
C00105,I have been waiting over a week for someone to call me back.,3
C00106,I am switching providers immediately. I cannot tolerate this incompetence.,5
C00106,I would like to check my current balance please.,1
C00106,The rate increase was not communicated clearly and came as a surprise.,3
C00107,I feel like loyal customers are not being valued the way they should be.,3
C00107,I want a full refund and I am cancelling everything today.,5
C00109,I want to switch to paperless billing.,1
C00109,The technician did not show up at the agreed time without any notice.,3
C00110,The technician arrived a bit late but did a good job.,2
C00110,My bill was slightly higher than I expected this month.,2
C00110,The level of service I am receiving is completely unacceptable.,4
C00111,My account was charged incorrectly and I am still waiting for a credit.,3
C00112,I was on hold for about 20 minutes which felt long.,2
C00113,My account was charged incorrectly and I am still waiting for a credit.,3
C00113,I need to change my contact phone number on the account.,1
C00113,The customer service agent I spoke to was not very helpful.,3
C00115,Your company has overcharged me for months and nobody will fix it.,5
C00115,I have been waiting over a week for someone to call me back.,3
C00115,My bill has errors and I have had to call twice about the same issue.,3
C00116,My bill was slightly higher than I expected this month.,2
C00117,I am switching providers immediately. I cannot tolerate this incompetence.,5
C00118,My power has been out for two days and nobody has given me an update.,4
C00118,I need to change my contact phone number on the account.,1
C00118,I want a full refund and I am cancelling everything today.,5
C00119,I need to change my contact phone number on the account.,1
C00119,The customer service agent I spoke to was not very helpful.,3
C00119,The website was slow when I tried to log in yesterday.,2
C00120,The online chat bot could not help me and I had to call anyway.,3
C00120,I was on hold for about 20 minutes which felt long.,2
C00120,I have been without power for five days and your team does not care at all.,5
C00121,I want a full refund and I am cancelling everything today.,5
C00121,My bill was slightly higher than I expected this month.,2
C00122,Just checking when my next meter read is scheduled.,1
C00122,The customer service agent I spoke to was not very helpful.,3
C00123,My bill has errors and I have had to call twice about the same issue.,3
C00124,I am considering switching providers if this is not fixed immediately.,4
C00124,The online chat bot could not help me and I had to call anyway.,3
C00125,My bill has errors and I have had to call twice about the same issue.,3
C00125,Calling to update my billing address.,1
C00125,The online chat bot could not help me and I had to call anyway.,3
C00127,The email confirmation for my account change took two days to arrive.,2
C00127,The rate increase was not communicated clearly and came as a surprise.,3
C00127,I have been waiting over a week for someone to call me back.,3
C00128,The rate increase was not communicated clearly and came as a surprise.,3
C00128,I am not satisfied with how my previous complaint was handled.,3
C00131,I feel like loyal customers are not being valued the way they should be.,3
C00131,My meter reading submission didn't go through on the first try.,2
C00131,Just checking when my next meter read is scheduled.,1
C00132,My bill was slightly higher than I expected this month.,2
C00133,I want to switch to paperless billing.,1
C00133,I would like to check my current balance please.,1
C00133,I waited longer than usual for a callback but it came eventually.,2
C00133,The rate increase was not communicated clearly and came as a surprise.,3
C00134,My meter reading submission didn't go through on the first try.,2
C00134,I have been waiting over a week for someone to call me back.,3
C00134,I had trouble navigating the new online portal at first.,2
C00135,My meter reading submission didn't go through on the first try.,2
C00136,Response time was a bit slower than last time I called.,2
C00136,I feel like loyal customers are not being valued the way they should be.,3
C00136,I am not satisfied with how my previous complaint was handled.,3
C00137,My bill has errors and I have had to call twice about the same issue.,3
C00137,Quick question about the new tariff letter I received.,1
C00139,I have been trying to get this resolved for two weeks now.,3
C00140,The website was slow when I tried to log in yesterday.,2
C00141,Response time was a bit slower than last time I called.,2
C00141,The worst customer experience I have ever had in my life.,5
C00142,The rate increase was not communicated clearly and came as a surprise.,3
C00142,I need to change my contact phone number on the account.,1
C00142,The website was slow when I tried to log in yesterday.,2
C00143,I want to switch to paperless billing.,1
C00143,The rate increase was not communicated clearly and came as a surprise.,3
C00143,I have been trying to get this resolved for two weeks now.,3
C00143,I was treated rudely on my last call and I want this addressed.,4
C00144,My power has been out for two days and nobody has given me an update.,4
C00144,The technician did not show up at the agreed time without any notice.,3
C00144,Response time was a bit slower than last time I called.,2
C00145,The technician arrived a bit late but did a good job.,2
C00145,I was on hold for about 20 minutes which felt long.,2
C00147,The online chat bot could not help me and I had to call anyway.,3
C00148,Just checking when my next meter read is scheduled.,1
C00148,My meter reading submission didn't go through on the first try.,2
C00149,I would like to know my current contract end date.,1
C00149,I have been waiting over a week for someone to call me back.,3
C00151,The rate increase was not communicated clearly and came as a surprise.,3
C00151,The level of service I am receiving is completely unacceptable.,4
C00151,I waited longer than usual for a callback but it came eventually.,2
C00151,I am not satisfied with how my previous complaint was handled.,3
C00152,Calling to update my billing address.,1
C00153,The email confirmation for my account change took two days to arrive.,2
C00153,The technician did not show up at the agreed time without any notice.,3
C00153,The website was slow when I tried to log in yesterday.,2
C00154,I am very unhappy with the service. My complaint from last month is still open.,4
C00154,I have been waiting over a week for someone to call me back.,3
C00154,I have escalated this complaint twice and it is still not resolved.,4
C00155,I feel like loyal customers are not being valued the way they should be.,3
C00155,I am not satisfied with how my previous complaint was handled.,3
C00156,I am going to leave a public review warning everyone about this company.,5
C00156,"Everything is fine, just updating my details.",1
C00156,I was on hold for about 20 minutes which felt long.,2
C00156,Quick question about the new tariff letter I received.,1
C00157,I would like to check my current balance please.,1
C00157,I have been trying to get this resolved for two weeks now.,3
C00158,"Everything is fine, just updating my details.",1
C00158,I am going to leave a public review warning everyone about this company.,5
C00158,"Everything is fine, just updating my details.",1
C00159,I would like to check my current balance please.,1
C00159,The customer service agent I spoke to was not very helpful.,3
C00160,The rate increase was not communicated clearly and came as a surprise.,3
C00160,I waited longer than usual for a callback but it came eventually.,2
C00160,My bill has errors and I have had to call twice about the same issue.,3
C00161,My account was charged incorrectly and I am still waiting for a credit.,3
C00163,I feel like loyal customers are not being valued the way they should be.,3
C00163,The technician arrived a bit late but did a good job.,2
C00163,The email confirmation for my account change took two days to arrive.,2
C00164,I am considering switching providers if this is not fixed immediately.,4
C00165,My bill was slightly higher than I expected this month.,2
C00165,The technician did not show up at the agreed time without any notice.,3
C00165,I am very unhappy with the service. My complaint from last month is still open.,4
C00165,I feel like loyal customers are not being valued the way they should be.,3
C00166,The customer service agent I spoke to was not very helpful.,3
C00167,I am contacting my lawyer. This is negligent and completely unacceptable.,5
C00168,My bill has errors and I have had to call twice about the same issue.,3
C00168,My power has been out for two days and nobody has given me an update.,4
C00169,The online chat bot could not help me and I had to call anyway.,3
C00169,I have escalated this complaint twice and it is still not resolved.,4
C00170,I need to change my contact phone number on the account.,1
C00170,This is absolutely disgraceful. I am filing a formal complaint with the regulator.,5
C00170,Nobody in your company seems to take responsibility for anything.,4
C00171,My meter reading submission didn't go through on the first try.,2
C00171,The technician did not show up at the agreed time without any notice.,3
C00172,I need to change my contact phone number on the account.,1
C00172,I was on hold for about 20 minutes which felt long.,2
C00173,I have been trying to get this resolved for two weeks now.,3
C00174,The level of service I am receiving is completely unacceptable.,4
C00175,Quick question about the new tariff letter I received.,1
C00176,My bill was slightly higher than I expected this month.,2
C00176,I am very unhappy with the service. My complaint from last month is still open.,4
C00177,My account was charged incorrectly and I am still waiting for a credit.,3
C00178,I would like to check my current balance please.,1
C00180,My bill has errors and I have had to call twice about the same issue.,3
C00180,Response time was a bit slower than last time I called.,2
C00180,My account was charged incorrectly and I am still waiting for a credit.,3
C00180,Calling to update my billing address.,1
C00181,Nobody in your company seems to take responsibility for anything.,4
C00181,My power has been out for two days and nobody has given me an update.,4
C00183,I have been trying to get this resolved for two weeks now.,3
C00183,Nobody in your company seems to take responsibility for anything.,4
C00183,I am switching providers immediately. I cannot tolerate this incompetence.,5
C00183,The customer service agent I spoke to was not very helpful.,3
C00183,I would like to check my current balance please.,1
C00183,My meter reading submission didn't go through on the first try.,2
C00183,"Three technicians, three no-shows. I have lost my patience entirely.",5
C00184,The rate increase was not communicated clearly and came as a surprise.,3
C00184,Calling to update my billing address.,1
C00184,Response time was a bit slower than last time I called.,2
C00187,Just checking when my next meter read is scheduled.,1
C00187,The customer service agent I spoke to was not very helpful.,3
C00187,"Everything is fine, just updating my details.",1
C00187,The rate increase was not communicated clearly and came as a surprise.,3
C00187,The customer service agent I spoke to was not very helpful.,3
C00188,Your company has overcharged me for months and nobody will fix it.,5
C00189,"Everything is fine, just updating my details.",1
C00189,I took a day off work for the technician and nobody came.,4
C00189,I want a formal complaint registered. This has gone on too long.,4
C00190,Could you send me a copy of last month's bill?,1
C00190,I am contacting my lawyer. This is negligent and completely unacceptable.,5
C00190,I need to change my contact phone number on the account.,1
C00191,I waited longer than usual for a callback but it came eventually.,2
C00191,My meter reading submission didn't go through on the first try.,2
C00191,I need to change my contact phone number on the account.,1
C00191,I feel like loyal customers are not being valued the way they should be.,3
C00192,The technician did not show up at the agreed time without any notice.,3
C00193,I feel like loyal customers are not being valued the way they should be.,3
C00194,The technician arrived a bit late but did a good job.,2
C00195,I was on hold for about 20 minutes which felt long.,2
C00195,I feel like loyal customers are not being valued the way they should be.,3
C00195,I was on hold for about 20 minutes which felt long.,2
C00195,I was treated rudely on my last call and I want this addressed.,4
C00195,The level of service I am receiving is completely unacceptable.,4
C00196,I had trouble navigating the new online portal at first.,2
C00197,Quick question about the new tariff letter I received.,1
C00197,I was on hold for about 20 minutes which felt long.,2
C00197,I would like to know my current contract end date.,1
C00198,My bill has errors and I have had to call twice about the same issue.,3
C00199,I have been waiting over a week for someone to call me back.,3
C00201,This is the third billing error in a row. I am losing patience.,4
C00201,I had trouble navigating the new online portal at first.,2
C00202,I want to switch to paperless billing.,1
C00202,I would like to know my current contract end date.,1
C00202,My power has been out for two days and nobody has given me an update.,4
C00202,The online chat bot could not help me and I had to call anyway.,3
C00203,I waited longer than usual for a callback but it came eventually.,2
C00204,I need to change my contact phone number on the account.,1
C00204,The technician arrived a bit late but did a good job.,2
C00204,I have been trying to get this resolved for two weeks now.,3
C00206,"Three technicians, three no-shows. I have lost my patience entirely.",5
C00206,I am contacting my lawyer. This is negligent and completely unacceptable.,5
C00207,I am switching providers immediately. I cannot tolerate this incompetence.,5
C00207,The rate increase was not communicated clearly and came as a surprise.,3
C00208,I was on hold for about 20 minutes which felt long.,2
C00208,I would like to check my current balance please.,1
C00209,My account was charged incorrectly and I am still waiting for a credit.,3
C00210,Calling to update my billing address.,1
C00211,I am considering switching providers if this is not fixed immediately.,4
C00212,The rate increase was not communicated clearly and came as a surprise.,3
C00213,I took a day off work for the technician and nobody came.,4
C00213,My bill has errors and I have had to call twice about the same issue.,3
C00213,The website was slow when I tried to log in yesterday.,2
C00215,My account was charged incorrectly and I am still waiting for a credit.,3
C00215,I am very unhappy with the service. My complaint from last month is still open.,4
C00216,Your company has overcharged me for months and nobody will fix it.,5
C00216,I want to cancel my account. I have had enough of this terrible service.,5
C00217,I need to change my contact phone number on the account.,1
C00217,This is the third billing error in a row. I am losing patience.,4
C00218,Quick question about the new tariff letter I received.,1
C00218,The website was slow when I tried to log in yesterday.,2
C00219,I took a day off work for the technician and nobody came.,4
C00219,I had trouble navigating the new online portal at first.,2
C00220,I was on hold for about 20 minutes which felt long.,2
C00220,I was on hold for about 20 minutes which felt long.,2
C00220,Calling to update my billing address.,1
C00220,I was on hold for about 20 minutes which felt long.,2
C00220,My bill was slightly higher than I expected this month.,2
C00221,The email confirmation for my account change took two days to arrive.,2
C00221,I took a day off work for the technician and nobody came.,4
C00221,I had trouble navigating the new online portal at first.,2
C00222,I have been trying to get this resolved for two weeks now.,3
C00223,The customer service agent I spoke to was not very helpful.,3
C00224,My bill has errors and I have had to call twice about the same issue.,3
C00226,Can you confirm my direct debit amount?,1
C00226,Could you send me a copy of last month's bill?,1
C00227,Response time was a bit slower than last time I called.,2
C00228,"Everything is fine, just updating my details.",1
C00230,I was treated rudely on my last call and I want this addressed.,4
C00230,"Everything is fine, just updating my details.",1
C00230,I am not satisfied with how my previous complaint was handled.,3
C00230,The online chat bot could not help me and I had to call anyway.,3
C00231,I would like to know my current contract end date.,1
C00231,Quick question about the new tariff letter I received.,1
C00231,Nobody in your company seems to take responsibility for anything.,4
C00232,My meter reading submission didn't go through on the first try.,2
C00232,The website was slow when I tried to log in yesterday.,2
C00233,My account was charged incorrectly and I am still waiting for a credit.,3
C00233,Just checking when my next meter read is scheduled.,1
C00233,My bill was slightly higher than I expected this month.,2
C00233,The website was slow when I tried to log in yesterday.,2
C00234,I took a day off work for the technician and nobody came.,4
C00234,I would like to know my current contract end date.,1
C00234,The technician did not show up at the agreed time without any notice.,3
C00235,The email confirmation for my account change took two days to arrive.,2
C00235,I am not satisfied with how my previous complaint was handled.,3
C00235,The customer service agent I spoke to was not very helpful.,3
C00237,I am very unhappy with the service. My complaint from last month is still open.,4
C00237,The website was slow when I tried to log in yesterday.,2
C00239,I have been trying to get this resolved for two weeks now.,3
C00239,The customer service agent I spoke to was not very helpful.,3
C00239,I have been waiting over a week for someone to call me back.,3
C00240,I was treated rudely on my last call and I want this addressed.,4
C00240,I was on hold for about 20 minutes which felt long.,2
C00240,I want to switch to paperless billing.,1
C00241,I am contacting my lawyer. This is negligent and completely unacceptable.,5
C00241,Response time was a bit slower than last time I called.,2
C00242,I took a day off work for the technician and nobody came.,4
C00242,I was on hold for about 20 minutes which felt long.,2
C00242,I have escalated this complaint twice and it is still not resolved.,4
C00243,My account was charged incorrectly and I am still waiting for a credit.,3
C00244,My bill was slightly higher than I expected this month.,2
C00245,I have been trying to get this resolved for two weeks now.,3
C00245,I have been waiting over a week for someone to call me back.,3
C00246,The online chat bot could not help me and I had to call anyway.,3
C00247,My meter reading submission didn't go through on the first try.,2
C00247,I took a day off work for the technician and nobody came.,4
C00247,I was on hold for about 20 minutes which felt long.,2
C00247,I had trouble navigating the new online portal at first.,2
C00247,I have been waiting over a week for someone to call me back.,3
C00248,The level of service I am receiving is completely unacceptable.,4
C00248,I had trouble navigating the new online portal at first.,2
C00249,I feel like loyal customers are not being valued the way they should be.,3
C00249,The customer service agent I spoke to was not very helpful.,3
C00249,The email confirmation for my account change took two days to arrive.,2
C00250,My bill was slightly higher than I expected this month.,2
C00250,The level of service I am receiving is completely unacceptable.,4
C00250,I took a day off work for the technician and nobody came.,4
C00250,Your company has overcharged me for months and nobody will fix it.,5
C00251,The level of service I am receiving is completely unacceptable.,4
C00251,The email confirmation for my account change took two days to arrive.,2
C00251,"There was a small discrepancy on my statement, now resolved.",2
C00252,I have been waiting over a week for someone to call me back.,3
C00252,I have been trying to get this resolved for two weeks now.,3
C00253,I am considering switching providers if this is not fixed immediately.,4
C00254,I want to switch to paperless billing.,1
C00254,The online chat bot could not help me and I had to call anyway.,3
C00254,The customer service agent I spoke to was not very helpful.,3
C00256,The technician arrived a bit late but did a good job.,2
C00256,I had trouble navigating the new online portal at first.,2
C00256,The customer service agent I spoke to was not very helpful.,3
C00256,I waited longer than usual for a callback but it came eventually.,2
C00256,"There was a small discrepancy on my statement, now resolved.",2
C00257,Just checking when my next meter read is scheduled.,1
C00258,I would like to check my current balance please.,1
C00258,I am considering switching providers if this is not fixed immediately.,4
C00258,The online chat bot could not help me and I had to call anyway.,3
C00259,I want to switch to paperless billing.,1
C00260,I have been waiting over a week for someone to call me back.,3
C00261,Response time was a bit slower than last time I called.,2
C00261,I waited longer than usual for a callback but it came eventually.,2
C00261,I took a day off work for the technician and nobody came.,4
C00261,The rate increase was not communicated clearly and came as a surprise.,3
C00261,Quick question about the new tariff letter I received.,1
C00262,I want a formal complaint registered. This has gone on too long.,4
C00263,The email confirmation for my account change took two days to arrive.,2
C00264,I need to change my contact phone number on the account.,1
C00264,Can you confirm my direct debit amount?,1
C00264,My bill has errors and I have had to call twice about the same issue.,3
C00265,My bill was slightly higher than I expected this month.,2
C00267,My bill has errors and I have had to call twice about the same issue.,3
C00267,I had trouble navigating the new online portal at first.,2
C00267,This is absolutely disgraceful. I am filing a formal complaint with the regulator.,5
C00267,"There was a small discrepancy on my statement, now resolved.",2
C00268,The rate increase was not communicated clearly and came as a surprise.,3
C00268,I was on hold for about 20 minutes which felt long.,2
C00268,The customer service agent I spoke to was not very helpful.,3
C00269,My bill was slightly higher than I expected this month.,2
C00269,My bill was slightly higher than I expected this month.,2
C00269,The email confirmation for my account change took two days to arrive.,2
C00270,"Everything is fine, just updating my details.",1
C00270,I want a formal complaint registered. This has gone on too long.,4
C00270,The email confirmation for my account change took two days to arrive.,2
C00271,The technician did not show up at the agreed time without any notice.,3
C00271,This is the third billing error in a row. I am losing patience.,4
C00271,I would like to know my current contract end date.,1
C00271,Can you confirm my direct debit amount?,1
C00271,I have been waiting over a week for someone to call me back.,3
C00272,Quick question about the new tariff letter I received.,1
C00272,The customer service agent I spoke to was not very helpful.,3
C00273,I took a day off work for the technician and nobody came.,4
C00273,Response time was a bit slower than last time I called.,2
C00274,I took a day off work for the technician and nobody came.,4
C00274,The website was slow when I tried to log in yesterday.,2
C00275,I am very unhappy with the service. My complaint from last month is still open.,4
C00275,Nobody in your company seems to take responsibility for anything.,4
C00275,I am not satisfied with how my previous complaint was handled.,3
C00275,Quick question about the new tariff letter I received.,1
C00275,The technician arrived a bit late but did a good job.,2
C00275,"There was a small discrepancy on my statement, now resolved.",2
C00276,My meter reading submission didn't go through on the first try.,2
C00276,The customer service agent I spoke to was not very helpful.,3
C00277,Calling to update my billing address.,1
C00278,"Everything is fine, just updating my details.",1
C00279,The technician did not show up at the agreed time without any notice.,3
C00282,I had trouble navigating the new online portal at first.,2
C00282,I have been without power for five days and your team does not care at all.,5
C00282,Could you send me a copy of last month's bill?,1
C00283,"Everything is fine, just updating my details.",1
C00284,The technician arrived a bit late but did a good job.,2
C00285,"There was a small discrepancy on my statement, now resolved.",2
C00285,Can you confirm my direct debit amount?,1
C00285,I have been waiting over a week for someone to call me back.,3
C00287,"Three technicians, three no-shows. I have lost my patience entirely.",5
C00288,I had trouble navigating the new online portal at first.,2
C00289,My account was charged incorrectly and I am still waiting for a credit.,3
C00290,The email confirmation for my account change took two days to arrive.,2
C00290,I waited longer than usual for a callback but it came eventually.,2
C00290,The website was slow when I tried to log in yesterday.,2
C00291,I waited longer than usual for a callback but it came eventually.,2
C00291,Could you send me a copy of last month's bill?,1
C00292,I have been trying to get this resolved for two weeks now.,3
C00292,I feel like loyal customers are not being valued the way they should be.,3
C00292,I want a full refund and I am cancelling everything today.,5
C00293,I was treated rudely on my last call and I want this addressed.,4
C00293,I would like to check my current balance please.,1
C00293,I want a formal complaint registered. This has gone on too long.,4
C00293,The technician arrived a bit late but did a good job.,2
C00293,The rate increase was not communicated clearly and came as a surprise.,3
C00295,The technician did not show up at the agreed time without any notice.,3
C00295,I waited longer than usual for a callback but it came eventually.,2
C00295,My power has been out for two days and nobody has given me an update.,4
C00295,I was on hold for about 20 minutes which felt long.,2
C00296,I have been without power for five days and your team does not care at all.,5
C00296,I have been trying to get this resolved for two weeks now.,3
C00296,I am very unhappy with the service. My complaint from last month is still open.,4
C00296,I feel like loyal customers are not being valued the way they should be.,3
C00297,My bill has errors and I have had to call twice about the same issue.,3
C00297,I need to change my contact phone number on the account.,1
C00297,My bill was slightly higher than I expected this month.,2
C00297,I am contacting my lawyer. This is negligent and completely unacceptable.,5
C00298,I am not satisfied with how my previous complaint was handled.,3
C00298,The level of service I am receiving is completely unacceptable.,4
C00298,My power has been out for two days and nobody has given me an update.,4
C00298,The worst customer experience I have ever had in my life.,5
C00298,I took a day off work for the technician and nobody came.,4
C00299,I am going to leave a public review warning everyone about this company.,5
C00299,I am contacting my lawyer. This is negligent and completely unacceptable.,5
C00300,Just checking when my next meter read is scheduled.,1
C00301,My bill was slightly higher than I expected this month.,2
C00301,I would like to check my current balance please.,1
C00302,The website was slow when I tried to log in yesterday.,2
C00302,Response time was a bit slower than last time I called.,2
C00303,The email confirmation for my account change took two days to arrive.,2
C00303,I had trouble navigating the new online portal at first.,2
C00303,I would like to check my current balance please.,1
C00303,I am contacting my lawyer. This is negligent and completely unacceptable.,5
C00303,The rate increase was not communicated clearly and came as a surprise.,3
C00303,I have escalated this complaint twice and it is still not resolved.,4
C00303,I am considering switching providers if this is not fixed immediately.,4
C00304,I had trouble navigating the new online portal at first.,2
C00304,I am very unhappy with the service. My complaint from last month is still open.,4
C00304,I want to switch to paperless billing.,1
C00305,I am considering switching providers if this is not fixed immediately.,4
C00305,The website was slow when I tried to log in yesterday.,2
C00306,I would like to know my current contract end date.,1
C00306,My power has been out for two days and nobody has given me an update.,4
C00306,"Everything is fine, just updating my details.",1
C00306,I have been waiting over a week for someone to call me back.,3
C00306,I am considering switching providers if this is not fixed immediately.,4
C00306,My meter reading submission didn't go through on the first try.,2
C00307,I took a day off work for the technician and nobody came.,4
C00307,Quick question about the new tariff letter I received.,1
C00307,I was on hold for about 20 minutes which felt long.,2
C00307,Just checking when my next meter read is scheduled.,1
C00307,The customer service agent I spoke to was not very helpful.,3
C00308,The online chat bot could not help me and I had to call anyway.,3
C00308,Response time was a bit slower than last time I called.,2
C00308,Nobody in your company seems to take responsibility for anything.,4
C00309,The technician did not show up at the agreed time without any notice.,3
C00309,I was treated rudely on my last call and I want this addressed.,4
C00309,I had trouble navigating the new online portal at first.,2
C00309,The email confirmation for my account change took two days to arrive.,2
C00309,I took a day off work for the technician and nobody came.,4
C00310,The website was slow when I tried to log in yesterday.,2
C00311,Quick question about the new tariff letter I received.,1
C00311,The technician did not show up at the agreed time without any notice.,3
C00311,Response time was a bit slower than last time I called.,2
C00312,I am very unhappy with the service. My complaint from last month is still open.,4
C00312,My meter reading submission didn't go through on the first try.,2
C00313,The customer service agent I spoke to was not very helpful.,3
C00313,The rate increase was not communicated clearly and came as a surprise.,3
C00313,The rate increase was not communicated clearly and came as a surprise.,3
C00314,I am not satisfied with how my previous complaint was handled.,3
C00314,I want to switch to paperless billing.,1
C00315,I have been trying to get this resolved for two weeks now.,3
C00315,"Everything is fine, just updating my details.",1
C00316,The technician arrived a bit late but did a good job.,2
C00316,My bill has errors and I have had to call twice about the same issue.,3
C00316,My bill has errors and I have had to call twice about the same issue.,3
C00316,I was on hold for about 20 minutes which felt long.,2
C00317,I have been waiting over a week for someone to call me back.,3
C00318,The technician did not show up at the agreed time without any notice.,3
C00319,I want to switch to paperless billing.,1
C00320,Nobody in your company seems to take responsibility for anything.,4
C00320,I have been waiting over a week for someone to call me back.,3
C00320,I am going to leave a public review warning everyone about this company.,5
C00320,My power has been out for two days and nobody has given me an update.,4
C00321,The technician did not show up at the agreed time without any notice.,3
C00321,Calling to update my billing address.,1
C00324,My bill was slightly higher than I expected this month.,2
C00324,The technician arrived a bit late but did a good job.,2
C00324,I have been waiting over a week for someone to call me back.,3
C00325,My bill has errors and I have had to call twice about the same issue.,3
C00325,I feel like loyal customers are not being valued the way they should be.,3
C00325,I want a full refund and I am cancelling everything today.,5
C00325,The level of service I am receiving is completely unacceptable.,4
C00326,I want to cancel my account. I have had enough of this terrible service.,5
C00326,"Everything is fine, just updating my details.",1
C00327,My meter reading submission didn't go through on the first try.,2
C00328,Nobody in your company seems to take responsibility for anything.,4
C00329,I want a formal complaint registered. This has gone on too long.,4
C00329,I need to change my contact phone number on the account.,1
C00329,My bill was slightly higher than I expected this month.,2
C00329,The website was slow when I tried to log in yesterday.,2
C00329,My power has been out for two days and nobody has given me an update.,4
C00329,I need to change my contact phone number on the account.,1
C00329,The rate increase was not communicated clearly and came as a surprise.,3
C00329,The technician arrived a bit late but did a good job.,2
C00330,I have escalated this complaint twice and it is still not resolved.,4
C00330,The technician arrived a bit late but did a good job.,2
C00330,This is the third billing error in a row. I am losing patience.,4
C00330,"Everything is fine, just updating my details.",1
C00331,The email confirmation for my account change took two days to arrive.,2
C00331,The customer service agent I spoke to was not very helpful.,3
C00332,I took a day off work for the technician and nobody came.,4
C00332,My account was charged incorrectly and I am still waiting for a credit.,3
C00333,The customer service agent I spoke to was not very helpful.,3
C00333,"There was a small discrepancy on my statement, now resolved.",2
C00334,My bill has errors and I have had to call twice about the same issue.,3
C00334,I am very unhappy with the service. My complaint from last month is still open.,4
C00334,I want to cancel my account. I have had enough of this terrible service.,5
C00335,The customer service agent I spoke to was not very helpful.,3
C00335,My bill was slightly higher than I expected this month.,2
C00335,I have escalated this complaint twice and it is still not resolved.,4
C00335,I would like to know my current contract end date.,1
C00336,The email confirmation for my account change took two days to arrive.,2
C00336,My account was charged incorrectly and I am still waiting for a credit.,3
C00336,I have been waiting over a week for someone to call me back.,3
C00336,Response time was a bit slower than last time I called.,2
C00336,The customer service agent I spoke to was not very helpful.,3
C00337,I had trouble navigating the new online portal at first.,2
C00337,The website was slow when I tried to log in yesterday.,2
C00338,Response time was a bit slower than last time I called.,2
C00340,Your company has overcharged me for months and nobody will fix it.,5
C00340,This is absolutely disgraceful. I am filing a formal complaint with the regulator.,5
C00341,I am not satisfied with how my previous complaint was handled.,3
C00342,Calling to update my billing address.,1
C00343,I feel like loyal customers are not being valued the way they should be.,3
C00343,I would like to check my current balance please.,1
C00343,The online chat bot could not help me and I had to call anyway.,3
C00344,The rate increase was not communicated clearly and came as a surprise.,3
C00344,Quick question about the new tariff letter I received.,1
C00344,I was on hold for about 20 minutes which felt long.,2
C00345,I have been waiting over a week for someone to call me back.,3
C00346,I was on hold for about 20 minutes which felt long.,2
C00346,Response time was a bit slower than last time I called.,2
C00346,I was on hold for about 20 minutes which felt long.,2
C00346,Just checking when my next meter read is scheduled.,1
C00347,I have been without power for five days and your team does not care at all.,5
C00347,"Everything is fine, just updating my details.",1
C00347,I was treated rudely on my last call and I want this addressed.,4
C00347,I was treated rudely on my last call and I want this addressed.,4
C00347,Could you send me a copy of last month's bill?,1
C00348,I am going to leave a public review warning everyone about this company.,5
C00348,I have been waiting over a week for someone to call me back.,3
C00348,My power has been out for two days and nobody has given me an update.,4
C00349,I need to change my contact phone number on the account.,1
C00349,I feel like loyal customers are not being valued the way they should be.,3
C00350,My meter reading submission didn't go through on the first try.,2
C00351,I want a full refund and I am cancelling everything today.,5
C00351,I want a formal complaint registered. This has gone on too long.,4
C00351,The website was slow when I tried to log in yesterday.,2
C00353,I want to cancel my account. I have had enough of this terrible service.,5
C00353,I am going to leave a public review warning everyone about this company.,5
C00354,I have been without power for five days and your team does not care at all.,5
C00354,I want a full refund and I am cancelling everything today.,5
C00356,I am going to leave a public review warning everyone about this company.,5
C00356,Response time was a bit slower than last time I called.,2
C00356,The online chat bot could not help me and I had to call anyway.,3
C00356,Could you send me a copy of last month's bill?,1
C00357,I would like to check my current balance please.,1
C00357,Response time was a bit slower than last time I called.,2
C00358,"There was a small discrepancy on my statement, now resolved.",2
C00358,I was on hold for about 20 minutes which felt long.,2
C00358,I feel like loyal customers are not being valued the way they should be.,3
C00358,Response time was a bit slower than last time I called.,2
C00358,The rate increase was not communicated clearly and came as a surprise.,3
C00359,The worst customer experience I have ever had in my life.,5
C00359,The online chat bot could not help me and I had to call anyway.,3
C00359,The technician did not show up at the agreed time without any notice.,3
C00359,I have been trying to get this resolved for two weeks now.,3
C00360,Can you confirm my direct debit amount?,1
C00360,Can you confirm my direct debit amount?,1
C00360,The email confirmation for my account change took two days to arrive.,2
C00361,Quick question about the new tariff letter I received.,1
C00361,This is the third billing error in a row. I am losing patience.,4
C00361,I waited longer than usual for a callback but it came eventually.,2
C00361,I had trouble navigating the new online portal at first.,2
C00361,The online chat bot could not help me and I had to call anyway.,3
C00362,The website was slow when I tried to log in yesterday.,2
C00362,I was on hold for about 20 minutes which felt long.,2
C00363,Nobody in your company seems to take responsibility for anything.,4
C00363,Your company has overcharged me for months and nobody will fix it.,5
C00364,I would like to know my current contract end date.,1
C00364,I was treated rudely on my last call and I want this addressed.,4
C00365,The technician did not show up at the agreed time without any notice.,3
C00365,The rate increase was not communicated clearly and came as a surprise.,3
C00365,Could you send me a copy of last month's bill?,1
C00365,My meter reading submission didn't go through on the first try.,2
C00365,I am contacting my lawyer. This is negligent and completely unacceptable.,5
C00366,I am going to leave a public review warning everyone about this company.,5
C00366,I have been trying to get this resolved for two weeks now.,3
C00367,Just checking when my next meter read is scheduled.,1
C00367,"There was a small discrepancy on my statement, now resolved.",2
C00368,I took a day off work for the technician and nobody came.,4
C00369,I feel like loyal customers are not being valued the way they should be.,3
C00370,Your company has overcharged me for months and nobody will fix it.,5
C00370,I have been trying to get this resolved for two weeks now.,3
C00371,I am considering switching providers if this is not fixed immediately.,4
C00371,I was on hold for about 20 minutes which felt long.,2
C00371,My bill was slightly higher than I expected this month.,2
C00372,I waited longer than usual for a callback but it came eventually.,2
C00372,"There was a small discrepancy on my statement, now resolved.",2
C00374,I have been waiting over a week for someone to call me back.,3
C00374,The online chat bot could not help me and I had to call anyway.,3
C00375,I have been waiting over a week for someone to call me back.,3
C00375,The customer service agent I spoke to was not very helpful.,3
C00375,My account was charged incorrectly and I am still waiting for a credit.,3
C00376,The rate increase was not communicated clearly and came as a surprise.,3
C00376,Quick question about the new tariff letter I received.,1
C00377,The technician arrived a bit late but did a good job.,2
C00377,I had trouble navigating the new online portal at first.,2
C00378,The technician did not show up at the agreed time without any notice.,3
C00378,I waited longer than usual for a callback but it came eventually.,2
C00378,The online chat bot could not help me and I had to call anyway.,3
C00379,I had trouble navigating the new online portal at first.,2
C00379,I am very unhappy with the service. My complaint from last month is still open.,4
C00380,I want a formal complaint registered. This has gone on too long.,4
C00380,"Everything is fine, just updating my details.",1
C00380,Could you send me a copy of last month's bill?,1
C00380,I had trouble navigating the new online portal at first.,2
C00382,The email confirmation for my account change took two days to arrive.,2
C00383,This is the third billing error in a row. I am losing patience.,4
C00383,Response time was a bit slower than last time I called.,2
C00384,Response time was a bit slower than last time I called.,2
C00384,I am considering switching providers if this is not fixed immediately.,4
C00384,Quick question about the new tariff letter I received.,1
C00384,I want to cancel my account. I have had enough of this terrible service.,5
C00384,I feel like loyal customers are not being valued the way they should be.,3
C00385,Calling to update my billing address.,1
C00386,This is the third billing error in a row. I am losing patience.,4
C00386,My account was charged incorrectly and I am still waiting for a credit.,3
C00386,I was treated rudely on my last call and I want this addressed.,4
C00386,The email confirmation for my account change took two days to arrive.,2
C00387,The website was slow when I tried to log in yesterday.,2
C00387,The technician did not show up at the agreed time without any notice.,3
C00388,My bill has errors and I have had to call twice about the same issue.,3
C00388,Calling to update my billing address.,1
C00388,I am contacting my lawyer. This is negligent and completely unacceptable.,5
C00389,Quick question about the new tariff letter I received.,1
C00390,My meter reading submission didn't go through on the first try.,2
C00390,I want to switch to paperless billing.,1
C00390,I have been waiting over a week for someone to call me back.,3
C00391,My bill has errors and I have had to call twice about the same issue.,3
C00391,I was treated rudely on my last call and I want this addressed.,4
C00391,I have been waiting over a week for someone to call me back.,3
C00391,I want a formal complaint registered. This has gone on too long.,4
C00392,I would like to check my current balance please.,1
C00392,I was treated rudely on my last call and I want this addressed.,4
C00392,I was on hold for about 20 minutes which felt long.,2
C00392,I am contacting my lawyer. This is negligent and completely unacceptable.,5
C00393,I have escalated this complaint twice and it is still not resolved.,4
C00394,Could you send me a copy of last month's bill?,1
C00394,"Everything is fine, just updating my details.",1
C00394,I need to change my contact phone number on the account.,1
C00395,I was on hold for about 20 minutes which felt long.,2
C00395,My power has been out for two days and nobody has given me an update.,4
C00395,My account was charged incorrectly and I am still waiting for a credit.,3
C00396,I would like to know my current contract end date.,1
C00397,Just checking when my next meter read is scheduled.,1
C00397,The website was slow when I tried to log in yesterday.,2
C00397,This is absolutely disgraceful. I am filing a formal complaint with the regulator.,5
C00398,I feel like loyal customers are not being valued the way they should be.,3
C00398,The email confirmation for my account change took two days to arrive.,2
C00398,I had trouble navigating the new online portal at first.,2
C00398,My bill has errors and I have had to call twice about the same issue.,3
C00399,I would like to check my current balance please.,1
C00402,I had trouble navigating the new online portal at first.,2
C00402,Calling to update my billing address.,1
C00404,"There was a small discrepancy on my statement, now resolved.",2
C00405,My meter reading submission didn't go through on the first try.,2
C00405,My power has been out for two days and nobody has given me an update.,4
C00405,I have been without power for five days and your team does not care at all.,5
C00406,I have been trying to get this resolved for two weeks now.,3
C00406,The technician arrived a bit late but did a good job.,2
C00406,I am contacting my lawyer. This is negligent and completely unacceptable.,5
C00406,The rate increase was not communicated clearly and came as a surprise.,3
C00406,The technician arrived a bit late but did a good job.,2
C00406,I waited longer than usual for a callback but it came eventually.,2
C00407,I feel like loyal customers are not being valued the way they should be.,3
C00408,Response time was a bit slower than last time I called.,2
C00408,"Everything is fine, just updating my details.",1
C00408,My bill was slightly higher than I expected this month.,2
C00409,The level of service I am receiving is completely unacceptable.,4
C00409,I am not satisfied with how my previous complaint was handled.,3
C00409,I feel like loyal customers are not being valued the way they should be.,3
C00409,The rate increase was not communicated clearly and came as a surprise.,3
C00410,I feel like loyal customers are not being valued the way they should be.,3
C00412,I am switching providers immediately. I cannot tolerate this incompetence.,5
C00412,The rate increase was not communicated clearly and came as a surprise.,3
C00413,Can you confirm my direct debit amount?,1
C00413,The customer service agent I spoke to was not very helpful.,3
C00413,The rate increase was not communicated clearly and came as a surprise.,3
C00413,The technician did not show up at the agreed time without any notice.,3
C00413,I have been waiting over a week for someone to call me back.,3
C00413,My account was charged incorrectly and I am still waiting for a credit.,3
C00414,The email confirmation for my account change took two days to arrive.,2
C00414,I had trouble navigating the new online portal at first.,2
C00414,I have been waiting over a week for someone to call me back.,3
C00415,I am considering switching providers if this is not fixed immediately.,4
C00415,I was treated rudely on my last call and I want this addressed.,4
C00415,My account was charged incorrectly and I am still waiting for a credit.,3
C00415,"There was a small discrepancy on my statement, now resolved.",2
C00415,I took a day off work for the technician and nobody came.,4
C00415,My meter reading submission didn't go through on the first try.,2
C00416,I am very unhappy with the service. My complaint from last month is still open.,4
C00417,I am very unhappy with the service. My complaint from last month is still open.,4
C00417,Can you confirm my direct debit amount?,1
C00417,My bill has errors and I have had to call twice about the same issue.,3
C00419,I have been trying to get this resolved for two weeks now.,3
C00419,The rate increase was not communicated clearly and came as a surprise.,3
C00419,Calling to update my billing address.,1
C00420,My meter reading submission didn't go through on the first try.,2
C00420,The technician arrived a bit late but did a good job.,2
C00420,My bill has errors and I have had to call twice about the same issue.,3
C00421,I want a formal complaint registered. This has gone on too long.,4
C00421,Response time was a bit slower than last time I called.,2
C00421,My meter reading submission didn't go through on the first try.,2
C00422,My bill was slightly higher than I expected this month.,2
C00423,My account was charged incorrectly and I am still waiting for a credit.,3
C00423,The email confirmation for my account change took two days to arrive.,2
C00424,I need to change my contact phone number on the account.,1
C00424,The technician did not show up at the agreed time without any notice.,3
C00425,I have been waiting over a week for someone to call me back.,3
C00425,The online chat bot could not help me and I had to call anyway.,3
C00426,The technician arrived a bit late but did a good job.,2
C00428,I had trouble navigating the new online portal at first.,2
C00430,The website was slow when I tried to log in yesterday.,2
C00430,I waited longer than usual for a callback but it came eventually.,2
C00430,My bill has errors and I have had to call twice about the same issue.,3
C00430,The technician did not show up at the agreed time without any notice.,3
C00430,I have been trying to get this resolved for two weeks now.,3
C00431,I was treated rudely on my last call and I want this addressed.,4
C00432,My bill was slightly higher than I expected this month.,2
C00432,I waited longer than usual for a callback but it came eventually.,2
C00432,I am very unhappy with the service. My complaint from last month is still open.,4
C00432,My account was charged incorrectly and I am still waiting for a credit.,3
C00433,I am considering switching providers if this is not fixed immediately.,4
C00434,The technician did not show up at the agreed time without any notice.,3
C00435,The online chat bot could not help me and I had to call anyway.,3
C00436,Quick question about the new tariff letter I received.,1
C00436,My meter reading submission didn't go through on the first try.,2
C00436,My bill was slightly higher than I expected this month.,2
C00436,Just checking when my next meter read is scheduled.,1
C00437,Quick question about the new tariff letter I received.,1
C00438,I want a full refund and I am cancelling everything today.,5
C00438,I want to switch to paperless billing.,1
C00438,I want a formal complaint registered. This has gone on too long.,4
C00438,Nobody in your company seems to take responsibility for anything.,4
C00440,My account was charged incorrectly and I am still waiting for a credit.,3
C00440,I would like to know my current contract end date.,1
C00440,Can you confirm my direct debit amount?,1
C00440,My bill was slightly higher than I expected this month.,2
C00440,I would like to check my current balance please.,1
C00440,I have been waiting over a week for someone to call me back.,3
C00441,I had trouble navigating the new online portal at first.,2
C00441,The online chat bot could not help me and I had to call anyway.,3
C00441,I had trouble navigating the new online portal at first.,2
C00441,I am very unhappy with the service. My complaint from last month is still open.,4
C00441,I am going to leave a public review warning everyone about this company.,5
C00442,My bill was slightly higher than I expected this month.,2
C00442,I am considering switching providers if this is not fixed immediately.,4
C00444,My bill was slightly higher than I expected this month.,2
C00444,The level of service I am receiving is completely unacceptable.,4
C00444,"Everything is fine, just updating my details.",1
C00445,Just checking when my next meter read is scheduled.,1
C00445,The website was slow when I tried to log in yesterday.,2
C00445,I had trouble navigating the new online portal at first.,2
C00446,I would like to know my current contract end date.,1
C00446,I want to switch to paperless billing.,1
C00446,Can you confirm my direct debit amount?,1
C00447,I was treated rudely on my last call and I want this addressed.,4
C00448,I was on hold for about 20 minutes which felt long.,2
C00448,"There was a small discrepancy on my statement, now resolved.",2
C00448,My account was charged incorrectly and I am still waiting for a credit.,3
C00449,I was treated rudely on my last call and I want this addressed.,4
C00449,Could you send me a copy of last month's bill?,1
C00449,"There was a small discrepancy on my statement, now resolved.",2
C00449,My bill has errors and I have had to call twice about the same issue.,3
C00450,I am very unhappy with the service. My complaint from last month is still open.,4
C00450,The email confirmation for my account change took two days to arrive.,2
C00450,I am going to leave a public review warning everyone about this company.,5
C00451,Calling to update my billing address.,1
C00452,I would like to know my current contract end date.,1
C00452,Nobody in your company seems to take responsibility for anything.,4
C00454,My bill has errors and I have had to call twice about the same issue.,3
C00454,The level of service I am receiving is completely unacceptable.,4
C00455,I have been trying to get this resolved for two weeks now.,3
C00455,Just checking when my next meter read is scheduled.,1
C00456,I am not satisfied with how my previous complaint was handled.,3
C00458,I feel like loyal customers are not being valued the way they should be.,3
C00458,Could you send me a copy of last month's bill?,1
C00458,The technician arrived a bit late but did a good job.,2
C00459,My power has been out for two days and nobody has given me an update.,4
C00459,I have escalated this complaint twice and it is still not resolved.,4
C00460,My meter reading submission didn't go through on the first try.,2
C00460,"There was a small discrepancy on my statement, now resolved.",2
C00460,I have been waiting over a week for someone to call me back.,3
C00461,The level of service I am receiving is completely unacceptable.,4
C00461,The email confirmation for my account change took two days to arrive.,2
C00462,The technician did not show up at the agreed time without any notice.,3
C00462,"There was a small discrepancy on my statement, now resolved.",2
C00462,I want to switch to paperless billing.,1
C00462,I am considering switching providers if this is not fixed immediately.,4
C00463,The website was slow when I tried to log in yesterday.,2
C00463,I am switching providers immediately. I cannot tolerate this incompetence.,5
C00464,"There was a small discrepancy on my statement, now resolved.",2
C00464,The technician did not show up at the agreed time without any notice.,3
C00464,Could you send me a copy of last month's bill?,1
C00465,This is the third billing error in a row. I am losing patience.,4
C00466,I feel like loyal customers are not being valued the way they should be.,3
C00468,Could you send me a copy of last month's bill?,1
C00468,I am very unhappy with the service. My complaint from last month is still open.,4
C00469,I waited longer than usual for a callback but it came eventually.,2
C00469,I am going to leave a public review warning everyone about this company.,5
C00469,I waited longer than usual for a callback but it came eventually.,2
C00469,I want to switch to paperless billing.,1
C00469,My account was charged incorrectly and I am still waiting for a credit.,3
C00469,My bill has errors and I have had to call twice about the same issue.,3
C00471,I am very unhappy with the service. My complaint from last month is still open.,4
C00472,My bill was slightly higher than I expected this month.,2
C00472,Response time was a bit slower than last time I called.,2
C00472,I have been waiting over a week for someone to call me back.,3
C00473,The technician arrived a bit late but did a good job.,2
C00474,I feel like loyal customers are not being valued the way they should be.,3
C00474,Response time was a bit slower than last time I called.,2
C00475,The rate increase was not communicated clearly and came as a surprise.,3
C00475,Calling to update my billing address.,1
C00476,My bill has errors and I have had to call twice about the same issue.,3
C00477,The customer service agent I spoke to was not very helpful.,3
C00477,I have been trying to get this resolved for two weeks now.,3
C00478,I waited longer than usual for a callback but it came eventually.,2
C00479,My bill was slightly higher than I expected this month.,2
C00480,My account was charged incorrectly and I am still waiting for a credit.,3
C00480,I am contacting my lawyer. This is negligent and completely unacceptable.,5
C00481,Nobody in your company seems to take responsibility for anything.,4
C00481,I have been trying to get this resolved for two weeks now.,3
C00481,The online chat bot could not help me and I had to call anyway.,3
C00481,The website was slow when I tried to log in yesterday.,2
C00482,The online chat bot could not help me and I had to call anyway.,3
C00482,The online chat bot could not help me and I had to call anyway.,3
C00482,I have escalated this complaint twice and it is still not resolved.,4
C00483,The level of service I am receiving is completely unacceptable.,4
C00484,I am switching providers immediately. I cannot tolerate this incompetence.,5
C00484,The level of service I am receiving is completely unacceptable.,4
C00485,The technician did not show up at the agreed time without any notice.,3
C00485,The technician did not show up at the agreed time without any notice.,3
C00485,"There was a small discrepancy on my statement, now resolved.",2
C00486,I feel like loyal customers are not being valued the way they should be.,3
C00486,This is the third billing error in a row. I am losing patience.,4
C00486,I have been trying to get this resolved for two weeks now.,3
C00487,I want to cancel my account. I have had enough of this terrible service.,5
C00488,The online chat bot could not help me and I had to call anyway.,3
C00488,I have been waiting over a week for someone to call me back.,3
C00488,The website was slow when I tried to log in yesterday.,2
C00488,I am contacting my lawyer. This is negligent and completely unacceptable.,5
C00489,I am not satisfied with how my previous complaint was handled.,3
C00489,I was on hold for about 20 minutes which felt long.,2
C00490,Could you send me a copy of last month's bill?,1
C00492,The customer service agent I spoke to was not very helpful.,3
C00493,Could you send me a copy of last month's bill?,1
C00493,I would like to know my current contract end date.,1
C00493,The technician did not show up at the agreed time without any notice.,3
C00493,Can you confirm my direct debit amount?,1
C00495,This is the third billing error in a row. I am losing patience.,4
C00495,My meter reading submission didn't go through on the first try.,2
C00495,I am very unhappy with the service. My complaint from last month is still open.,4
C00496,My account was charged incorrectly and I am still waiting for a credit.,3
C00496,The website was slow when I tried to log in yesterday.,2
C00497,The website was slow when I tried to log in yesterday.,2
C00497,I feel like loyal customers are not being valued the way they should be.,3
C00497,My power has been out for two days and nobody has given me an update.,4
C00497,"There was a small discrepancy on my statement, now resolved.",2
C00498,"Everything is fine, just updating my details.",1
C00499,The website was slow when I tried to log in yesterday.,2
C00499,My meter reading submission didn't go through on the first try.,2
C00499,I would like to know my current contract end date.,1
C00499,The email confirmation for my account change took two days to arrive.,2
C00500,I have been trying to get this resolved for two weeks now.,3
C00500,The website was slow when I tried to log in yesterday.,2
C00501,I feel like loyal customers are not being valued the way they should be.,3
C00502,My bill was slightly higher than I expected this month.,2
C00502,I am very unhappy with the service. My complaint from last month is still open.,4
C00502,My power has been out for two days and nobody has given me an update.,4
C00502,Nobody in your company seems to take responsibility for anything.,4
C00503,I was treated rudely on my last call and I want this addressed.,4
C00503,My bill has errors and I have had to call twice about the same issue.,3
C00503,The customer service agent I spoke to was not very helpful.,3
C00503,I have been without power for five days and your team does not care at all.,5
C00504,I am going to leave a public review warning everyone about this company.,5
C00504,Could you send me a copy of last month's bill?,1
C00504,The rate increase was not communicated clearly and came as a surprise.,3
C00504,I had trouble navigating the new online portal at first.,2
C00504,The website was slow when I tried to log in yesterday.,2
C00504,I took a day off work for the technician and nobody came.,4
C00508,Quick question about the new tariff letter I received.,1
C00508,Calling to update my billing address.,1
C00508,Could you send me a copy of last month's bill?,1
C00509,I am not satisfied with how my previous complaint was handled.,3
C00511,I had trouble navigating the new online portal at first.,2
C00511,I have been without power for five days and your team does not care at all.,5
C00512,The technician arrived a bit late but did a good job.,2
C00512,I took a day off work for the technician and nobody came.,4
C00513,I have escalated this complaint twice and it is still not resolved.,4
C00514,I had trouble navigating the new online portal at first.,2
C00514,I have been trying to get this resolved for two weeks now.,3
C00514,I am switching providers immediately. I cannot tolerate this incompetence.,5
C00515,I took a day off work for the technician and nobody came.,4
C00516,"Everything is fine, just updating my details.",1
C00516,I would like to check my current balance please.,1
C00516,Response time was a bit slower than last time I called.,2
C00516,I am going to leave a public review warning everyone about this company.,5
C00517,The technician arrived a bit late but did a good job.,2
C00517,My bill was slightly higher than I expected this month.,2
C00517,Could you send me a copy of last month's bill?,1
C00519,I have been waiting over a week for someone to call me back.,3
C00519,My bill was slightly higher than I expected this month.,2
C00519,I am not satisfied with how my previous complaint was handled.,3
C00519,Just checking when my next meter read is scheduled.,1
C00519,I have been without power for five days and your team does not care at all.,5
C00519,Could you send me a copy of last month's bill?,1
C00519,Quick question about the new tariff letter I received.,1
C00519,Can you confirm my direct debit amount?,1
C00520,The website was slow when I tried to log in yesterday.,2
C00521,"There was a small discrepancy on my statement, now resolved.",2
C00521,I am not satisfied with how my previous complaint was handled.,3
C00521,I have been without power for five days and your team does not care at all.,5
C00522,My bill has errors and I have had to call twice about the same issue.,3
C00522,I am contacting my lawyer. This is negligent and completely unacceptable.,5
C00523,The customer service agent I spoke to was not very helpful.,3
C00524,The level of service I am receiving is completely unacceptable.,4
C00524,Calling to update my billing address.,1
C00525,I have been waiting over a week for someone to call me back.,3
C00525,My meter reading submission didn't go through on the first try.,2
C00526,Quick question about the new tariff letter I received.,1
C00527,I want a formal complaint registered. This has gone on too long.,4
C00527,The level of service I am receiving is completely unacceptable.,4
C00527,The website was slow when I tried to log in yesterday.,2
C00528,I was on hold for about 20 minutes which felt long.,2
C00528,The technician did not show up at the agreed time without any notice.,3
C00528,I have been waiting over a week for someone to call me back.,3
C00528,I waited longer than usual for a callback but it came eventually.,2
C00529,My bill has errors and I have had to call twice about the same issue.,3
C00530,My bill has errors and I have had to call twice about the same issue.,3
C00530,The rate increase was not communicated clearly and came as a surprise.,3
C00530,My meter reading submission didn't go through on the first try.,2
C00530,I have been without power for five days and your team does not care at all.,5
C00530,I was on hold for about 20 minutes which felt long.,2
C00531,My bill has errors and I have had to call twice about the same issue.,3
C00532,Your company has overcharged me for months and nobody will fix it.,5
C00532,The worst customer experience I have ever had in my life.,5
C00533,My bill has errors and I have had to call twice about the same issue.,3
C00533,Response time was a bit slower than last time I called.,2
C00533,The technician did not show up at the agreed time without any notice.,3
C00533,I would like to know my current contract end date.,1
C00534,I want to switch to paperless billing.,1
C00534,The level of service I am receiving is completely unacceptable.,4
C00534,Calling to update my billing address.,1
C00535,Calling to update my billing address.,1
C00535,The level of service I am receiving is completely unacceptable.,4
C00535,Can you confirm my direct debit amount?,1
C00535,I need to change my contact phone number on the account.,1
C00536,I want to cancel my account. I have had enough of this terrible service.,5
C00536,My power has been out for two days and nobody has given me an update.,4
C00536,The customer service agent I spoke to was not very helpful.,3
C00537,I would like to check my current balance please.,1
C00537,"Everything is fine, just updating my details.",1
C00537,"There was a small discrepancy on my statement, now resolved.",2
C00538,My bill was slightly higher than I expected this month.,2
C00538,My meter reading submission didn't go through on the first try.,2
C00538,Just checking when my next meter read is scheduled.,1
C00538,Calling to update my billing address.,1
C00539,Response time was a bit slower than last time I called.,2
C00539,I am not satisfied with how my previous complaint was handled.,3
C00539,The rate increase was not communicated clearly and came as a surprise.,3
C00539,I want to switch to paperless billing.,1
C00539,The technician arrived a bit late but did a good job.,2
C00540,The level of service I am receiving is completely unacceptable.,4
C00541,My bill was slightly higher than I expected this month.,2
C00541,The online chat bot could not help me and I had to call anyway.,3
C00541,I waited longer than usual for a callback but it came eventually.,2
C00541,I want to switch to paperless billing.,1
C00541,Could you send me a copy of last month's bill?,1
C00542,I took a day off work for the technician and nobody came.,4
C00542,The website was slow when I tried to log in yesterday.,2
C00543,The rate increase was not communicated clearly and came as a surprise.,3
C00543,I had trouble navigating the new online portal at first.,2
C00544,The customer service agent I spoke to was not very helpful.,3
C00544,I have been without power for five days and your team does not care at all.,5
C00545,My account was charged incorrectly and I am still waiting for a credit.,3
C00545,I was on hold for about 20 minutes which felt long.,2
C00545,My account was charged incorrectly and I am still waiting for a credit.,3
C00545,The technician did not show up at the agreed time without any notice.,3
C00545,"Everything is fine, just updating my details.",1
C00545,I want to cancel my account. I have had enough of this terrible service.,5
C00546,The email confirmation for my account change took two days to arrive.,2
C00547,I would like to know my current contract end date.,1
C00547,I would like to know my current contract end date.,1
C00547,The technician did not show up at the agreed time without any notice.,3
C00547,The technician arrived a bit late but did a good job.,2
C00548,I had trouble navigating the new online portal at first.,2
C00548,I would like to check my current balance please.,1
C00549,My meter reading submission didn't go through on the first try.,2
C00549,The customer service agent I spoke to was not very helpful.,3
C00550,The technician arrived a bit late but did a good job.,2
C00550,I feel like loyal customers are not being valued the way they should be.,3
C00550,The technician arrived a bit late but did a good job.,2
C00551,Just checking when my next meter read is scheduled.,1
C00551,The technician did not show up at the agreed time without any notice.,3
C00551,Calling to update my billing address.,1
C00551,Nobody in your company seems to take responsibility for anything.,4
C00552,The technician arrived a bit late but did a good job.,2
C00552,Your company has overcharged me for months and nobody will fix it.,5
C00552,I have been waiting over a week for someone to call me back.,3
C00553,My power has been out for two days and nobody has given me an update.,4
C00554,I would like to check my current balance please.,1
C00554,Can you confirm my direct debit amount?,1
C00555,"Everything is fine, just updating my details.",1
C00556,The level of service I am receiving is completely unacceptable.,4
C00556,My account was charged incorrectly and I am still waiting for a credit.,3
C00557,I had trouble navigating the new online portal at first.,2
C00557,I have been trying to get this resolved for two weeks now.,3
C00557,The level of service I am receiving is completely unacceptable.,4
C00557,My meter reading submission didn't go through on the first try.,2
C00558,The rate increase was not communicated clearly and came as a surprise.,3
C00560,Can you confirm my direct debit amount?,1
C00560,The level of service I am receiving is completely unacceptable.,4
C00560,I had trouble navigating the new online portal at first.,2
C00561,Can you confirm my direct debit amount?,1
C00561,I am considering switching providers if this is not fixed immediately.,4
C00561,Response time was a bit slower than last time I called.,2
C00561,My meter reading submission didn't go through on the first try.,2
C00561,I had trouble navigating the new online portal at first.,2
C00561,Response time was a bit slower than last time I called.,2
C00561,My meter reading submission didn't go through on the first try.,2
C00563,Response time was a bit slower than last time I called.,2
C00563,I need to change my contact phone number on the account.,1
C00563,The rate increase was not communicated clearly and came as a surprise.,3
C00564,My bill has errors and I have had to call twice about the same issue.,3
C00564,My account was charged incorrectly and I am still waiting for a credit.,3
C00564,"There was a small discrepancy on my statement, now resolved.",2
C00564,I feel like loyal customers are not being valued the way they should be.,3
C00565,I am very unhappy with the service. My complaint from last month is still open.,4
C00565,Can you confirm my direct debit amount?,1
C00565,Just checking when my next meter read is scheduled.,1
C00565,The website was slow when I tried to log in yesterday.,2
C00566,I waited longer than usual for a callback but it came eventually.,2
C00566,I was treated rudely on my last call and I want this addressed.,4
C00567,I am contacting my lawyer. This is negligent and completely unacceptable.,5
C00567,I am going to leave a public review warning everyone about this company.,5
C00568,The level of service I am receiving is completely unacceptable.,4
C00569,I want a formal complaint registered. This has gone on too long.,4
C00569,This is the third billing error in a row. I am losing patience.,4
C00570,Calling to update my billing address.,1
C00570,I had trouble navigating the new online portal at first.,2
C00570,I am switching providers immediately. I cannot tolerate this incompetence.,5
C00571,I was treated rudely on my last call and I want this addressed.,4
C00571,I had trouble navigating the new online portal at first.,2
C00571,I need to change my contact phone number on the account.,1
C00571,I had trouble navigating the new online portal at first.,2
C00572,I had trouble navigating the new online portal at first.,2
C00572,"Everything is fine, just updating my details.",1
C00574,I am not satisfied with how my previous complaint was handled.,3
C00574,The technician did not show up at the agreed time without any notice.,3
C00574,This is the third billing error in a row. I am losing patience.,4
C00575,"There was a small discrepancy on my statement, now resolved.",2
C00575,I am not satisfied with how my previous complaint was handled.,3
C00575,I have been waiting over a week for someone to call me back.,3
C00575,I would like to know my current contract end date.,1
C00575,I want to switch to paperless billing.,1
C00575,I want a formal complaint registered. This has gone on too long.,4
C00576,This is the third billing error in a row. I am losing patience.,4
C00577,Calling to update my billing address.,1
C00577,"Everything is fine, just updating my details.",1
C00577,The website was slow when I tried to log in yesterday.,2
C00577,I was on hold for about 20 minutes which felt long.,2
C00578,I waited longer than usual for a callback but it came eventually.,2
C00579,This is the third billing error in a row. I am losing patience.,4
C00579,I am contacting my lawyer. This is negligent and completely unacceptable.,5
C00580,I feel like loyal customers are not being valued the way they should be.,3
C00581,I would like to check my current balance please.,1
C00581,I had trouble navigating the new online portal at first.,2
C00581,Could you send me a copy of last month's bill?,1
C00582,I am contacting my lawyer. This is negligent and completely unacceptable.,5
C00582,The rate increase was not communicated clearly and came as a surprise.,3
C00582,I took a day off work for the technician and nobody came.,4
C00582,I was on hold for about 20 minutes which felt long.,2
C00583,I have escalated this complaint twice and it is still not resolved.,4
C00585,I want a full refund and I am cancelling everything today.,5
C00585,The website was slow when I tried to log in yesterday.,2
C00586,The technician arrived a bit late but did a good job.,2
C00586,I took a day off work for the technician and nobody came.,4
C00587,Calling to update my billing address.,1
C00587,I was on hold for about 20 minutes which felt long.,2
C00587,"There was a small discrepancy on my statement, now resolved.",2
C00587,I took a day off work for the technician and nobody came.,4
C00588,The email confirmation for my account change took two days to arrive.,2
C00588,I want a full refund and I am cancelling everything today.,5
C00589,My meter reading submission didn't go through on the first try.,2
C00589,The level of service I am receiving is completely unacceptable.,4
C00590,My account was charged incorrectly and I am still waiting for a credit.,3
C00592,I am not satisfied with how my previous complaint was handled.,3
C00592,I have been trying to get this resolved for two weeks now.,3
C00592,My bill has errors and I have had to call twice about the same issue.,3
C00592,Calling to update my billing address.,1
C00593,I have been waiting over a week for someone to call me back.,3
C00593,"There was a small discrepancy on my statement, now resolved.",2
C00593,I want a formal complaint registered. This has gone on too long.,4
C00594,I would like to check my current balance please.,1
C00594,My account was charged incorrectly and I am still waiting for a credit.,3
C00594,I was on hold for about 20 minutes which felt long.,2
C00594,Calling to update my billing address.,1
C00595,My bill was slightly higher than I expected this month.,2
C00595,I have been trying to get this resolved for two weeks now.,3
C00595,I have been without power for five days and your team does not care at all.,5
C00595,I took a day off work for the technician and nobody came.,4
C00595,Just checking when my next meter read is scheduled.,1
C00596,"There was a small discrepancy on my statement, now resolved.",2
C00596,I want to switch to paperless billing.,1
C00597,"Three technicians, three no-shows. I have lost my patience entirely.",5
C00597,My meter reading submission didn't go through on the first try.,2
C00597,The technician arrived a bit late but did a good job.,2
C00597,The website was slow when I tried to log in yesterday.,2
C00598,Response time was a bit slower than last time I called.,2
C00598,The website was slow when I tried to log in yesterday.,2
C00598,I waited longer than usual for a callback but it came eventually.,2
C00599,I am not satisfied with how my previous complaint was handled.,3
C00600,The technician arrived a bit late but did a good job.,2
C00600,The online chat bot could not help me and I had to call anyway.,3
C00601,"There was a small discrepancy on my statement, now resolved.",2
C00601,I waited longer than usual for a callback but it came eventually.,2
C00602,The level of service I am receiving is completely unacceptable.,4
C00603,I have been waiting over a week for someone to call me back.,3
C00604,Could you send me a copy of last month's bill?,1
C00604,I want a formal complaint registered. This has gone on too long.,4
C00604,"There was a small discrepancy on my statement, now resolved.",2
C00605,"There was a small discrepancy on my statement, now resolved.",2
C00605,"There was a small discrepancy on my statement, now resolved.",2
C00605,I want to switch to paperless billing.,1
C00606,Could you send me a copy of last month's bill?,1
C00606,The technician did not show up at the agreed time without any notice.,3
C00607,I have been trying to get this resolved for two weeks now.,3
C00607,I would like to know my current contract end date.,1
C00608,I was on hold for about 20 minutes which felt long.,2
C00608,My meter reading submission didn't go through on the first try.,2
C00608,My bill was slightly higher than I expected this month.,2
C00609,My account was charged incorrectly and I am still waiting for a credit.,3
C00609,The technician arrived a bit late but did a good job.,2
C00609,The technician arrived a bit late but did a good job.,2
C00609,I am not satisfied with how my previous complaint was handled.,3
C00609,The customer service agent I spoke to was not very helpful.,3
C00610,I feel like loyal customers are not being valued the way they should be.,3
C00610,My bill was slightly higher than I expected this month.,2
C00611,Response time was a bit slower than last time I called.,2
C00611,My bill was slightly higher than I expected this month.,2
C00611,Quick question about the new tariff letter I received.,1
C00611,"Everything is fine, just updating my details.",1
C00612,The customer service agent I spoke to was not very helpful.,3
C00612,The email confirmation for my account change took two days to arrive.,2
C00612,I was on hold for about 20 minutes which felt long.,2
C00613,The technician arrived a bit late but did a good job.,2
C00613,My bill was slightly higher than I expected this month.,2
C00613,My bill was slightly higher than I expected this month.,2
C00614,This is the third billing error in a row. I am losing patience.,4
C00614,The level of service I am receiving is completely unacceptable.,4
C00614,My account was charged incorrectly and I am still waiting for a credit.,3
C00614,I feel like loyal customers are not being valued the way they should be.,3
C00614,I feel like loyal customers are not being valued the way they should be.,3
C00615,I feel like loyal customers are not being valued the way they should be.,3
C00615,The technician did not show up at the agreed time without any notice.,3
C00615,This is the third billing error in a row. I am losing patience.,4
C00615,The customer service agent I spoke to was not very helpful.,3
C00616,Your company has overcharged me for months and nobody will fix it.,5
C00616,Just checking when my next meter read is scheduled.,1
C00616,I have been trying to get this resolved for two weeks now.,3
C00617,Can you confirm my direct debit amount?,1
C00617,I have escalated this complaint twice and it is still not resolved.,4
C00617,Could you send me a copy of last month's bill?,1
C00618,I want to switch to paperless billing.,1
C00618,I took a day off work for the technician and nobody came.,4
C00618,I waited longer than usual for a callback but it came eventually.,2
C00618,I feel like loyal customers are not being valued the way they should be.,3
C00618,This is the third billing error in a row. I am losing patience.,4
C00618,The rate increase was not communicated clearly and came as a surprise.,3
C00619,I waited longer than usual for a callback but it came eventually.,2
C00619,Nobody in your company seems to take responsibility for anything.,4
C00619,The online chat bot could not help me and I had to call anyway.,3
C00620,I waited longer than usual for a callback but it came eventually.,2
C00620,My account was charged incorrectly and I am still waiting for a credit.,3
C00621,I am very unhappy with the service. My complaint from last month is still open.,4
C00621,The technician did not show up at the agreed time without any notice.,3
C00621,My account was charged incorrectly and I am still waiting for a credit.,3
C00622,My account was charged incorrectly and I am still waiting for a credit.,3
C00622,I am very unhappy with the service. My complaint from last month is still open.,4
C00622,The technician arrived a bit late but did a good job.,2
C00622,The email confirmation for my account change took two days to arrive.,2
C00623,My bill has errors and I have had to call twice about the same issue.,3
C00624,I would like to check my current balance please.,1
C00624,Calling to update my billing address.,1
C00624,I need to change my contact phone number on the account.,1
C00624,I want a formal complaint registered. This has gone on too long.,4
C00627,I would like to check my current balance please.,1
C00628,My bill was slightly higher than I expected this month.,2
C00628,I am contacting my lawyer. This is negligent and completely unacceptable.,5
C00628,"Everything is fine, just updating my details.",1
C00628,This is absolutely disgraceful. I am filing a formal complaint with the regulator.,5
C00629,The worst customer experience I have ever had in my life.,5
C00630,Could you send me a copy of last month's bill?,1
C00630,The website was slow when I tried to log in yesterday.,2
C00630,Response time was a bit slower than last time I called.,2
C00630,Response time was a bit slower than last time I called.,2
C00630,I have been waiting over a week for someone to call me back.,3
C00631,The rate increase was not communicated clearly and came as a surprise.,3
C00631,The customer service agent I spoke to was not very helpful.,3
C00631,The online chat bot could not help me and I had to call anyway.,3
C00632,I have been trying to get this resolved for two weeks now.,3
C00632,"There was a small discrepancy on my statement, now resolved.",2
C00633,This is absolutely disgraceful. I am filing a formal complaint with the regulator.,5
C00633,The rate increase was not communicated clearly and came as a surprise.,3
C00635,I am very unhappy with the service. My complaint from last month is still open.,4
C00636,I am considering switching providers if this is not fixed immediately.,4
C00637,My meter reading submission didn't go through on the first try.,2
C00638,I waited longer than usual for a callback but it came eventually.,2
C00638,I would like to check my current balance please.,1
C00638,The website was slow when I tried to log in yesterday.,2
C00638,The rate increase was not communicated clearly and came as a surprise.,3
C00638,This is the third billing error in a row. I am losing patience.,4
C00640,I am considering switching providers if this is not fixed immediately.,4
C00640,The level of service I am receiving is completely unacceptable.,4
C00641,I have been waiting over a week for someone to call me back.,3
C00641,My bill has errors and I have had to call twice about the same issue.,3
C00642,The level of service I am receiving is completely unacceptable.,4
C00642,I want to switch to paperless billing.,1
C00642,"There was a small discrepancy on my statement, now resolved.",2
C00646,The worst customer experience I have ever had in my life.,5
C00646,I am contacting my lawyer. This is negligent and completely unacceptable.,5
C00647,I have been waiting over a week for someone to call me back.,3
C00648,I have been waiting over a week for someone to call me back.,3
C00648,Calling to update my billing address.,1
C00648,The technician did not show up at the agreed time without any notice.,3
C00649,I waited longer than usual for a callback but it came eventually.,2
C00649,I have been waiting over a week for someone to call me back.,3
C00650,The online chat bot could not help me and I had to call anyway.,3
C00650,I want a formal complaint registered. This has gone on too long.,4
C00651,Could you send me a copy of last month's bill?,1
C00651,This is the third billing error in a row. I am losing patience.,4
C00651,I have escalated this complaint twice and it is still not resolved.,4
C00652,The technician arrived a bit late but did a good job.,2
C00652,I am switching providers immediately. I cannot tolerate this incompetence.,5
C00653,The level of service I am receiving is completely unacceptable.,4
C00653,Response time was a bit slower than last time I called.,2
C00655,Nobody in your company seems to take responsibility for anything.,4
C00655,The email confirmation for my account change took two days to arrive.,2
C00656,Calling to update my billing address.,1
C00657,"Everything is fine, just updating my details.",1
C00657,The technician arrived a bit late but did a good job.,2
C00658,The technician did not show up at the agreed time without any notice.,3
C00658,I have been trying to get this resolved for two weeks now.,3
C00658,The technician arrived a bit late but did a good job.,2
C00658,I was treated rudely on my last call and I want this addressed.,4
C00659,I waited longer than usual for a callback but it came eventually.,2
C00659,The level of service I am receiving is completely unacceptable.,4
C00659,Calling to update my billing address.,1
C00660,My account was charged incorrectly and I am still waiting for a credit.,3
C00660,The online chat bot could not help me and I had to call anyway.,3
C00662,I was on hold for about 20 minutes which felt long.,2
C00663,I want a full refund and I am cancelling everything today.,5
C00663,The worst customer experience I have ever had in my life.,5
C00663,I am considering switching providers if this is not fixed immediately.,4
C00664,I want to switch to paperless billing.,1
C00664,I would like to know my current contract end date.,1
C00665,Your company has overcharged me for months and nobody will fix it.,5
C00665,I would like to check my current balance please.,1
C00665,This is absolutely disgraceful. I am filing a formal complaint with the regulator.,5
C00667,I need to change my contact phone number on the account.,1
C00669,The rate increase was not communicated clearly and came as a surprise.,3
C00669,I want to cancel my account. I have had enough of this terrible service.,5
C00671,I am going to leave a public review warning everyone about this company.,5
C00671,Can you confirm my direct debit amount?,1
C00671,I want to switch to paperless billing.,1
C00672,The technician did not show up at the agreed time without any notice.,3
C00672,The technician did not show up at the agreed time without any notice.,3
C00672,I was treated rudely on my last call and I want this addressed.,4
C00672,My account was charged incorrectly and I am still waiting for a credit.,3
C00673,My account was charged incorrectly and I am still waiting for a credit.,3
C00674,The customer service agent I spoke to was not very helpful.,3
C00674,I had trouble navigating the new online portal at first.,2
C00674,I want a formal complaint registered. This has gone on too long.,4
C00674,I want a formal complaint registered. This has gone on too long.,4
C00675,I want to cancel my account. I have had enough of this terrible service.,5
C00676,I have been without power for five days and your team does not care at all.,5
C00678,I was on hold for about 20 minutes which felt long.,2
C00678,Response time was a bit slower than last time I called.,2
C00679,I had trouble navigating the new online portal at first.,2
C00679,Response time was a bit slower than last time I called.,2
C00679,I need to change my contact phone number on the account.,1
C00679,I would like to know my current contract end date.,1
C00680,I would like to know my current contract end date.,1
C00681,I had trouble navigating the new online portal at first.,2
C00681,The customer service agent I spoke to was not very helpful.,3
C00683,I need to change my contact phone number on the account.,1
C00683,I need to change my contact phone number on the account.,1
C00684,I have been waiting over a week for someone to call me back.,3
C00684,My account was charged incorrectly and I am still waiting for a credit.,3
C00685,Calling to update my billing address.,1
C00685,The technician arrived a bit late but did a good job.,2
C00685,I am considering switching providers if this is not fixed immediately.,4
C00686,I am switching providers immediately. I cannot tolerate this incompetence.,5
C00687,I want to switch to paperless billing.,1
C00687,The online chat bot could not help me and I had to call anyway.,3
C00689,I need to change my contact phone number on the account.,1
C00689,My meter reading submission didn't go through on the first try.,2
C00690,I was treated rudely on my last call and I want this addressed.,4
C00690,I have been trying to get this resolved for two weeks now.,3
C00690,The website was slow when I tried to log in yesterday.,2
C00691,The online chat bot could not help me and I had to call anyway.,3
C00692,Can you confirm my direct debit amount?,1
C00693,I was treated rudely on my last call and I want this addressed.,4
C00693,I need to change my contact phone number on the account.,1
C00693,"There was a small discrepancy on my statement, now resolved.",2
C00693,My bill was slightly higher than I expected this month.,2
C00693,My account was charged incorrectly and I am still waiting for a credit.,3
C00694,I want a formal complaint registered. This has gone on too long.,4
C00694,My bill was slightly higher than I expected this month.,2
C00694,I am considering switching providers if this is not fixed immediately.,4
C00695,I would like to check my current balance please.,1
C00695,"Everything is fine, just updating my details.",1
C00695,I have been trying to get this resolved for two weeks now.,3
C00695,The technician arrived a bit late but did a good job.,2
C00696,I had trouble navigating the new online portal at first.,2
C00697,This is absolutely disgraceful. I am filing a formal complaint with the regulator.,5
C00697,The online chat bot could not help me and I had to call anyway.,3
C00697,I feel like loyal customers are not being valued the way they should be.,3
C00698,I feel like loyal customers are not being valued the way they should be.,3
C00699,My account was charged incorrectly and I am still waiting for a credit.,3
C00699,The level of service I am receiving is completely unacceptable.,4
C00699,Just checking when my next meter read is scheduled.,1
C00700,I need to change my contact phone number on the account.,1
C00700,Just checking when my next meter read is scheduled.,1
C00701,The rate increase was not communicated clearly and came as a surprise.,3
C00701,The technician arrived a bit late but did a good job.,2
C00701,Just checking when my next meter read is scheduled.,1
C00701,Just checking when my next meter read is scheduled.,1
C00702,The website was slow when I tried to log in yesterday.,2
C00702,The online chat bot could not help me and I had to call anyway.,3
C00702,I was treated rudely on my last call and I want this addressed.,4
C00703,My meter reading submission didn't go through on the first try.,2
C00703,I have escalated this complaint twice and it is still not resolved.,4
C00703,I would like to know my current contract end date.,1
C00703,I had trouble navigating the new online portal at first.,2
C00704,My meter reading submission didn't go through on the first try.,2
C00706,The level of service I am receiving is completely unacceptable.,4
C00706,I have been waiting over a week for someone to call me back.,3
C00707,"Everything is fine, just updating my details.",1
C00708,I waited longer than usual for a callback but it came eventually.,2
C00708,Calling to update my billing address.,1
C00709,My account was charged incorrectly and I am still waiting for a credit.,3
C00709,Response time was a bit slower than last time I called.,2
C00709,The online chat bot could not help me and I had to call anyway.,3
C00709,Quick question about the new tariff letter I received.,1
C00710,I want to switch to paperless billing.,1
C00710,"Everything is fine, just updating my details.",1
C00711,I was on hold for about 20 minutes which felt long.,2
C00711,I had trouble navigating the new online portal at first.,2
C00711,The technician arrived a bit late but did a good job.,2
C00711,The website was slow when I tried to log in yesterday.,2
C00711,My meter reading submission didn't go through on the first try.,2
C00712,Could you send me a copy of last month's bill?,1
C00712,I have been without power for five days and your team does not care at all.,5
C00712,I want a formal complaint registered. This has gone on too long.,4
C00713,The email confirmation for my account change took two days to arrive.,2
C00713,The rate increase was not communicated clearly and came as a surprise.,3
C00713,"There was a small discrepancy on my statement, now resolved.",2
C00714,I have escalated this complaint twice and it is still not resolved.,4
C00715,The customer service agent I spoke to was not very helpful.,3
C00716,I am considering switching providers if this is not fixed immediately.,4
C00716,I am going to leave a public review warning everyone about this company.,5
C00716,I took a day off work for the technician and nobody came.,4
C00717,I am not satisfied with how my previous complaint was handled.,3
C00718,Calling to update my billing address.,1
C00718,I have escalated this complaint twice and it is still not resolved.,4
C00719,The level of service I am receiving is completely unacceptable.,4
C00719,I need to change my contact phone number on the account.,1
C00720,I took a day off work for the technician and nobody came.,4
C00720,I was treated rudely on my last call and I want this addressed.,4
C00720,The online chat bot could not help me and I had to call anyway.,3
C00720,Calling to update my billing address.,1
C00720,Can you confirm my direct debit amount?,1
C00721,The technician did not show up at the agreed time without any notice.,3
C00721,I am not satisfied with how my previous complaint was handled.,3
C00722,The email confirmation for my account change took two days to arrive.,2
C00722,Response time was a bit slower than last time I called.,2
C00724,Nobody in your company seems to take responsibility for anything.,4
C00724,I would like to know my current contract end date.,1
C00726,I am switching providers immediately. I cannot tolerate this incompetence.,5
C00726,The online chat bot could not help me and I had to call anyway.,3
C00726,Quick question about the new tariff letter I received.,1
C00726,I feel like loyal customers are not being valued the way they should be.,3
C00726,I would like to check my current balance please.,1
C00727,I am going to leave a public review warning everyone about this company.,5
C00727,The website was slow when I tried to log in yesterday.,2
C00728,Can you confirm my direct debit amount?,1
C00728,I have escalated this complaint twice and it is still not resolved.,4
C00729,I have escalated this complaint twice and it is still not resolved.,4
C00730,I am contacting my lawyer. This is negligent and completely unacceptable.,5
C00730,I need to change my contact phone number on the account.,1
C00730,This is the third billing error in a row. I am losing patience.,4
C00731,My power has been out for two days and nobody has given me an update.,4
C00731,I was on hold for about 20 minutes which felt long.,2
C00731,I am very unhappy with the service. My complaint from last month is still open.,4
C00732,I had trouble navigating the new online portal at first.,2
C00732,I am not satisfied with how my previous complaint was handled.,3
C00732,The technician did not show up at the agreed time without any notice.,3
C00733,The technician did not show up at the agreed time without any notice.,3
C00733,My power has been out for two days and nobody has given me an update.,4
C00733,I have escalated this complaint twice and it is still not resolved.,4
C00733,I had trouble navigating the new online portal at first.,2
C00734,Your company has overcharged me for months and nobody will fix it.,5
C00734,I am not satisfied with how my previous complaint was handled.,3
C00734,This is absolutely disgraceful. I am filing a formal complaint with the regulator.,5
C00735,Just checking when my next meter read is scheduled.,1
C00735,I want a formal complaint registered. This has gone on too long.,4
C00735,The online chat bot could not help me and I had to call anyway.,3
C00736,I was on hold for about 20 minutes which felt long.,2
C00737,The customer service agent I spoke to was not very helpful.,3
C00737,I am very unhappy with the service. My complaint from last month is still open.,4
C00738,The worst customer experience I have ever had in my life.,5
C00738,I am considering switching providers if this is not fixed immediately.,4
C00739,Could you send me a copy of last month's bill?,1
C00739,I had trouble navigating the new online portal at first.,2
C00739,The online chat bot could not help me and I had to call anyway.,3
C00740,The technician did not show up at the agreed time without any notice.,3
C00740,I would like to check my current balance please.,1
C00741,The email confirmation for my account change took two days to arrive.,2
C00741,The rate increase was not communicated clearly and came as a surprise.,3
C00742,I have been trying to get this resolved for two weeks now.,3
C00742,I am not satisfied with how my previous complaint was handled.,3
C00743,The rate increase was not communicated clearly and came as a surprise.,3
C00744,Can you confirm my direct debit amount?,1
C00744,The technician did not show up at the agreed time without any notice.,3
C00745,I was on hold for about 20 minutes which felt long.,2
C00746,I am very unhappy with the service. My complaint from last month is still open.,4
C00747,Could you send me a copy of last month's bill?,1
C00748,I was treated rudely on my last call and I want this addressed.,4
C00749,Response time was a bit slower than last time I called.,2
C00749,I am contacting my lawyer. This is negligent and completely unacceptable.,5
C00749,I want a formal complaint registered. This has gone on too long.,4
C00750,Could you send me a copy of last month's bill?,1
C00750,My power has been out for two days and nobody has given me an update.,4
C00752,I feel like loyal customers are not being valued the way they should be.,3
C00754,The online chat bot could not help me and I had to call anyway.,3
C00754,I am very unhappy with the service. My complaint from last month is still open.,4
C00755,Calling to update my billing address.,1
C00756,My account was charged incorrectly and I am still waiting for a credit.,3
C00756,My meter reading submission didn't go through on the first try.,2
C00757,The technician arrived a bit late but did a good job.,2
C00757,Calling to update my billing address.,1
C00757,My bill was slightly higher than I expected this month.,2
C00757,The technician arrived a bit late but did a good job.,2
C00759,The level of service I am receiving is completely unacceptable.,4
C00759,I want a full refund and I am cancelling everything today.,5
C00760,This is the third billing error in a row. I am losing patience.,4
C00760,Response time was a bit slower than last time I called.,2
C00760,"There was a small discrepancy on my statement, now resolved.",2
C00760,I want a formal complaint registered. This has gone on too long.,4
C00761,Could you send me a copy of last month's bill?,1
C00761,I am going to leave a public review warning everyone about this company.,5
C00761,I am considering switching providers if this is not fixed immediately.,4
C00761,The technician arrived a bit late but did a good job.,2
C00761,I am very unhappy with the service. My complaint from last month is still open.,4
C00762,I have escalated this complaint twice and it is still not resolved.,4
C00762,I am contacting my lawyer. This is negligent and completely unacceptable.,5
C00762,My bill was slightly higher than I expected this month.,2
C00763,I took a day off work for the technician and nobody came.,4
C00764,I would like to know my current contract end date.,1
C00764,I have escalated this complaint twice and it is still not resolved.,4
C00765,Could you send me a copy of last month's bill?,1
C00767,I have been waiting over a week for someone to call me back.,3
C00770,I have escalated this complaint twice and it is still not resolved.,4
C00770,The technician did not show up at the agreed time without any notice.,3
C00770,I waited longer than usual for a callback but it came eventually.,2
C00771,Your company has overcharged me for months and nobody will fix it.,5
C00771,The website was slow when I tried to log in yesterday.,2
C00771,My bill was slightly higher than I expected this month.,2
C00772,I have been trying to get this resolved for two weeks now.,3
C00773,The technician did not show up at the agreed time without any notice.,3
C00773,I waited longer than usual for a callback but it came eventually.,2
C00773,I have been waiting over a week for someone to call me back.,3
C00773,I have been waiting over a week for someone to call me back.,3
C00773,The level of service I am receiving is completely unacceptable.,4
C00774,Nobody in your company seems to take responsibility for anything.,4
C00774,My bill has errors and I have had to call twice about the same issue.,3
C00775,Quick question about the new tariff letter I received.,1
C00777,Just checking when my next meter read is scheduled.,1
C00777,This is absolutely disgraceful. I am filing a formal complaint with the regulator.,5
C00777,I would like to know my current contract end date.,1
C00778,The rate increase was not communicated clearly and came as a surprise.,3
C00778,Response time was a bit slower than last time I called.,2
C00778,"Everything is fine, just updating my details.",1
C00779,I feel like loyal customers are not being valued the way they should be.,3
C00779,The technician did not show up at the agreed time without any notice.,3
C00779,Quick question about the new tariff letter I received.,1
C00779,I took a day off work for the technician and nobody came.,4
C00780,"Everything is fine, just updating my details.",1
C00780,The technician did not show up at the agreed time without any notice.,3
C00781,My account was charged incorrectly and I am still waiting for a credit.,3
C00781,Calling to update my billing address.,1
C00782,Can you confirm my direct debit amount?,1
C00782,I need to change my contact phone number on the account.,1
C00782,I had trouble navigating the new online portal at first.,2
C00782,I had trouble navigating the new online portal at first.,2
C00783,The technician did not show up at the agreed time without any notice.,3
C00784,The email confirmation for my account change took two days to arrive.,2
C00784,I want to switch to paperless billing.,1
C00784,I would like to know my current contract end date.,1
C00784,Could you send me a copy of last month's bill?,1
C00785,I waited longer than usual for a callback but it came eventually.,2
C00786,My bill has errors and I have had to call twice about the same issue.,3
C00786,The website was slow when I tried to log in yesterday.,2
C00788,I have been trying to get this resolved for two weeks now.,3
C00788,I have been waiting over a week for someone to call me back.,3
C00788,Can you confirm my direct debit amount?,1
C00789,I feel like loyal customers are not being valued the way they should be.,3
C00789,I would like to know my current contract end date.,1
C00789,The website was slow when I tried to log in yesterday.,2
C00790,I want to cancel my account. I have had enough of this terrible service.,5
C00790,Your company has overcharged me for months and nobody will fix it.,5
C00790,I am very unhappy with the service. My complaint from last month is still open.,4
C00790,I want to switch to paperless billing.,1
C00791,The technician did not show up at the agreed time without any notice.,3
C00791,This is the third billing error in a row. I am losing patience.,4
C00791,I was treated rudely on my last call and I want this addressed.,4
C00792,Your company has overcharged me for months and nobody will fix it.,5
C00792,My account was charged incorrectly and I am still waiting for a credit.,3
C00793,The online chat bot could not help me and I had to call anyway.,3
C00793,My bill has errors and I have had to call twice about the same issue.,3
C00794,My bill has errors and I have had to call twice about the same issue.,3
C00794,I waited longer than usual for a callback but it came eventually.,2
C00794,Quick question about the new tariff letter I received.,1
C00795,I had trouble navigating the new online portal at first.,2
C00795,I am not satisfied with how my previous complaint was handled.,3
C00795,The email confirmation for my account change took two days to arrive.,2
C00795,Could you send me a copy of last month's bill?,1
C00795,I am considering switching providers if this is not fixed immediately.,4
C00796,I waited longer than usual for a callback but it came eventually.,2
C00797,This is absolutely disgraceful. I am filing a formal complaint with the regulator.,5
C00798,The technician did not show up at the agreed time without any notice.,3
C00798,I am considering switching providers if this is not fixed immediately.,4
C00799,I had trouble navigating the new online portal at first.,2
C00799,The level of service I am receiving is completely unacceptable.,4
C00799,I want to switch to paperless billing.,1
C00799,I have been waiting over a week for someone to call me back.,3
C00800,I feel like loyal customers are not being valued the way they should be.,3
C00800,I am not satisfied with how my previous complaint was handled.,3
C00800,The rate increase was not communicated clearly and came as a surprise.,3
C00800,I have been trying to get this resolved for two weeks now.,3
C00801,The rate increase was not communicated clearly and came as a surprise.,3
C00802,I feel like loyal customers are not being valued the way they should be.,3
C00802,"Everything is fine, just updating my details.",1
C00803,I am going to leave a public review warning everyone about this company.,5
C00803,I have been waiting over a week for someone to call me back.,3
C00804,Quick question about the new tariff letter I received.,1
C00804,Could you send me a copy of last month's bill?,1
C00805,I am considering switching providers if this is not fixed immediately.,4
C00806,Response time was a bit slower than last time I called.,2
C00806,I am contacting my lawyer. This is negligent and completely unacceptable.,5
C00807,The online chat bot could not help me and I had to call anyway.,3
C00808,I am not satisfied with how my previous complaint was handled.,3
C00808,Quick question about the new tariff letter I received.,1
C00808,Your company has overcharged me for months and nobody will fix it.,5
C00809,The technician did not show up at the agreed time without any notice.,3
C00810,The level of service I am receiving is completely unacceptable.,4
C00811,The technician arrived a bit late but did a good job.,2
C00811,I am going to leave a public review warning everyone about this company.,5
C00812,"There was a small discrepancy on my statement, now resolved.",2
C00814,The technician arrived a bit late but did a good job.,2
C00814,The technician did not show up at the agreed time without any notice.,3
C00815,I want a formal complaint registered. This has gone on too long.,4
C00815,My account was charged incorrectly and I am still waiting for a credit.,3
C00816,I waited longer than usual for a callback but it came eventually.,2
C00817,The online chat bot could not help me and I had to call anyway.,3
C00818,Calling to update my billing address.,1
C00819,The website was slow when I tried to log in yesterday.,2
C00819,Can you confirm my direct debit amount?,1
C00820,My bill has errors and I have had to call twice about the same issue.,3
C00821,The online chat bot could not help me and I had to call anyway.,3
C00822,I have been waiting over a week for someone to call me back.,3
C00822,My account was charged incorrectly and I am still waiting for a credit.,3
C00823,Could you send me a copy of last month's bill?,1
C00823,The online chat bot could not help me and I had to call anyway.,3
C00824,My bill has errors and I have had to call twice about the same issue.,3
C00824,"There was a small discrepancy on my statement, now resolved.",2
C00825,The technician arrived a bit late but did a good job.,2
C00825,I have been without power for five days and your team does not care at all.,5
C00825,My account was charged incorrectly and I am still waiting for a credit.,3
C00825,The online chat bot could not help me and I had to call anyway.,3
C00825,I want to switch to paperless billing.,1
C00826,I want to switch to paperless billing.,1
C00827,I have been without power for five days and your team does not care at all.,5
C00827,The customer service agent I spoke to was not very helpful.,3
C00828,The online chat bot could not help me and I had to call anyway.,3
C00829,Just checking when my next meter read is scheduled.,1
C00829,The technician did not show up at the agreed time without any notice.,3
C00829,"Three technicians, three no-shows. I have lost my patience entirely.",5
C00830,My bill has errors and I have had to call twice about the same issue.,3
C00830,I have escalated this complaint twice and it is still not resolved.,4
C00830,Nobody in your company seems to take responsibility for anything.,4
C00830,Nobody in your company seems to take responsibility for anything.,4
C00830,I would like to check my current balance please.,1
C00831,The technician arrived a bit late but did a good job.,2
C00832,I would like to check my current balance please.,1
C00833,I was on hold for about 20 minutes which felt long.,2
C00833,I have been waiting over a week for someone to call me back.,3
C00833,The online chat bot could not help me and I had to call anyway.,3
C00833,My power has been out for two days and nobody has given me an update.,4
C00835,I waited longer than usual for a callback but it came eventually.,2
C00835,The website was slow when I tried to log in yesterday.,2
C00836,I took a day off work for the technician and nobody came.,4
C00836,I have been without power for five days and your team does not care at all.,5
C00838,I am contacting my lawyer. This is negligent and completely unacceptable.,5
C00838,I have escalated this complaint twice and it is still not resolved.,4
C00839,My bill has errors and I have had to call twice about the same issue.,3
C00840,My account was charged incorrectly and I am still waiting for a credit.,3
C00840,The technician did not show up at the agreed time without any notice.,3
C00840,I feel like loyal customers are not being valued the way they should be.,3
C00840,I was on hold for about 20 minutes which felt long.,2
C00841,I need to change my contact phone number on the account.,1
C00841,I have been waiting over a week for someone to call me back.,3
C00841,My meter reading submission didn't go through on the first try.,2
C00841,I feel like loyal customers are not being valued the way they should be.,3
C00842,I had trouble navigating the new online portal at first.,2
C00843,I feel like loyal customers are not being valued the way they should be.,3
C00843,I need to change my contact phone number on the account.,1
C00843,I have escalated this complaint twice and it is still not resolved.,4
C00844,I have been waiting over a week for someone to call me back.,3
C00845,I need to change my contact phone number on the account.,1
C00845,I was treated rudely on my last call and I want this addressed.,4
C00845,I want a formal complaint registered. This has gone on too long.,4
C00846,The worst customer experience I have ever had in my life.,5
C00846,I am switching providers immediately. I cannot tolerate this incompetence.,5
C00846,I was on hold for about 20 minutes which felt long.,2
C00846,The customer service agent I spoke to was not very helpful.,3
C00847,The level of service I am receiving is completely unacceptable.,4
C00847,Response time was a bit slower than last time I called.,2
C00848,I have escalated this complaint twice and it is still not resolved.,4
C00848,The website was slow when I tried to log in yesterday.,2
C00848,Response time was a bit slower than last time I called.,2
C00849,I waited longer than usual for a callback but it came eventually.,2
C00849,The rate increase was not communicated clearly and came as a surprise.,3
C00849,The technician did not show up at the agreed time without any notice.,3
C00850,I was treated rudely on my last call and I want this addressed.,4
C00852,I need to change my contact phone number on the account.,1
C00852,Could you send me a copy of last month's bill?,1
C00852,I want to switch to paperless billing.,1
C00852,I have been waiting over a week for someone to call me back.,3
C00852,The website was slow when I tried to log in yesterday.,2
C00853,Just checking when my next meter read is scheduled.,1
C00854,The online chat bot could not help me and I had to call anyway.,3
C00855,"Everything is fine, just updating my details.",1
C00856,This is the third billing error in a row. I am losing patience.,4
C00856,I want a formal complaint registered. This has gone on too long.,4
C00858,I am going to leave a public review warning everyone about this company.,5
C00859,This is absolutely disgraceful. I am filing a formal complaint with the regulator.,5
C00860,I have been trying to get this resolved for two weeks now.,3
C00861,The email confirmation for my account change took two days to arrive.,2
C00861,"Three technicians, three no-shows. I have lost my patience entirely.",5
C00864,The online chat bot could not help me and I had to call anyway.,3
C00864,My meter reading submission didn't go through on the first try.,2
C00865,The online chat bot could not help me and I had to call anyway.,3
C00865,I was on hold for about 20 minutes which felt long.,2
C00866,I took a day off work for the technician and nobody came.,4
C00866,I am not satisfied with how my previous complaint was handled.,3
C00867,I was on hold for about 20 minutes which felt long.,2
C00867,I am very unhappy with the service. My complaint from last month is still open.,4
C00868,I need to change my contact phone number on the account.,1
C00868,The level of service I am receiving is completely unacceptable.,4
C00869,Could you send me a copy of last month's bill?,1
C00870,I have been waiting over a week for someone to call me back.,3
C00870,My bill was slightly higher than I expected this month.,2
C00871,My power has been out for two days and nobody has given me an update.,4
C00872,Could you send me a copy of last month's bill?,1
C00873,My account was charged incorrectly and I am still waiting for a credit.,3
C00874,I feel like loyal customers are not being valued the way they should be.,3
C00874,I want to switch to paperless billing.,1
C00874,Calling to update my billing address.,1
C00874,My bill was slightly higher than I expected this month.,2
C00874,Could you send me a copy of last month's bill?,1
C00874,I want to switch to paperless billing.,1
C00875,I am not satisfied with how my previous complaint was handled.,3
C00875,I have been waiting over a week for someone to call me back.,3
C00875,I feel like loyal customers are not being valued the way they should be.,3
C00876,The technician did not show up at the agreed time without any notice.,3
C00876,My meter reading submission didn't go through on the first try.,2
C00876,I would like to know my current contract end date.,1
C00876,I want to cancel my account. I have had enough of this terrible service.,5
C00877,I have been trying to get this resolved for two weeks now.,3
C00878,"Everything is fine, just updating my details.",1
C00878,"Three technicians, three no-shows. I have lost my patience entirely.",5
C00878,I have been trying to get this resolved for two weeks now.,3
C00879,I am not satisfied with how my previous complaint was handled.,3
C00879,I waited longer than usual for a callback but it came eventually.,2
C00879,I am not satisfied with how my previous complaint was handled.,3
C00879,My meter reading submission didn't go through on the first try.,2
C00879,I want to switch to paperless billing.,1
C00881,I want a full refund and I am cancelling everything today.,5
C00882,The website was slow when I tried to log in yesterday.,2
C00883,"There was a small discrepancy on my statement, now resolved.",2
C00883,This is the third billing error in a row. I am losing patience.,4
C00883,I feel like loyal customers are not being valued the way they should be.,3
C00883,I took a day off work for the technician and nobody came.,4
C00884,The email confirmation for my account change took two days to arrive.,2
C00884,My power has been out for two days and nobody has given me an update.,4
C00885,"Everything is fine, just updating my details.",1
C00885,I would like to check my current balance please.,1
C00885,This is the third billing error in a row. I am losing patience.,4
C00886,Could you send me a copy of last month's bill?,1
C00887,"Everything is fine, just updating my details.",1
C00887,I want to switch to paperless billing.,1
C00888,My meter reading submission didn't go through on the first try.,2
C00889,My bill has errors and I have had to call twice about the same issue.,3
C00889,Nobody in your company seems to take responsibility for anything.,4
C00889,I want to switch to paperless billing.,1
C00890,I took a day off work for the technician and nobody came.,4
C00890,My meter reading submission didn't go through on the first try.,2
C00890,The website was slow when I tried to log in yesterday.,2
C00890,I want a full refund and I am cancelling everything today.,5
C00890,I have been waiting over a week for someone to call me back.,3
C00891,I have been trying to get this resolved for two weeks now.,3
C00891,The customer service agent I spoke to was not very helpful.,3
C00892,Calling to update my billing address.,1
C00892,My account was charged incorrectly and I am still waiting for a credit.,3
C00892,The technician did not show up at the agreed time without any notice.,3
C00893,Nobody in your company seems to take responsibility for anything.,4
C00893,I would like to check my current balance please.,1
C00894,I had trouble navigating the new online portal at first.,2
C00894,I would like to check my current balance please.,1
C00894,I waited longer than usual for a callback but it came eventually.,2
C00897,I would like to know my current contract end date.,1
C00899,I need to change my contact phone number on the account.,1
C00902,Quick question about the new tariff letter I received.,1
C00902,This is the third billing error in a row. I am losing patience.,4
C00902,The online chat bot could not help me and I had to call anyway.,3
C00902,My meter reading submission didn't go through on the first try.,2
C00903,My power has been out for two days and nobody has given me an update.,4
C00903,I have escalated this complaint twice and it is still not resolved.,4
C00904,Quick question about the new tariff letter I received.,1
C00905,Calling to update my billing address.,1
C00908,Could you send me a copy of last month's bill?,1
C00908,Response time was a bit slower than last time I called.,2
C00908,My account was charged incorrectly and I am still waiting for a credit.,3
C00908,Response time was a bit slower than last time I called.,2
C00911,Response time was a bit slower than last time I called.,2
C00911,I would like to know my current contract end date.,1
C00911,The online chat bot could not help me and I had to call anyway.,3
C00912,I waited longer than usual for a callback but it came eventually.,2
C00912,The email confirmation for my account change took two days to arrive.,2
C00913,The rate increase was not communicated clearly and came as a surprise.,3
C00913,The worst customer experience I have ever had in my life.,5
C00913,My meter reading submission didn't go through on the first try.,2
C00913,I am considering switching providers if this is not fixed immediately.,4
C00914,The technician arrived a bit late but did a good job.,2
C00914,Just checking when my next meter read is scheduled.,1
C00915,The level of service I am receiving is completely unacceptable.,4
C00916,My bill was slightly higher than I expected this month.,2
C00916,The rate increase was not communicated clearly and came as a surprise.,3
C00916,My meter reading submission didn't go through on the first try.,2
C00916,I have been waiting over a week for someone to call me back.,3
C00916,I had trouble navigating the new online portal at first.,2
C00917,I want a formal complaint registered. This has gone on too long.,4
C00917,The online chat bot could not help me and I had to call anyway.,3
C00917,The customer service agent I spoke to was not very helpful.,3
C00919,I had trouble navigating the new online portal at first.,2
C00920,Quick question about the new tariff letter I received.,1
C00920,I was treated rudely on my last call and I want this addressed.,4
C00921,The email confirmation for my account change took two days to arrive.,2
C00922,I was on hold for about 20 minutes which felt long.,2
C00922,I was on hold for about 20 minutes which felt long.,2
C00923,The email confirmation for my account change took two days to arrive.,2
C00923,The email confirmation for my account change took two days to arrive.,2
C00924,"Everything is fine, just updating my details.",1
C00924,My meter reading submission didn't go through on the first try.,2
C00924,Just checking when my next meter read is scheduled.,1
C00924,I had trouble navigating the new online portal at first.,2
C00925,The worst customer experience I have ever had in my life.,5
C00925,I was treated rudely on my last call and I want this addressed.,4
C00925,Just checking when my next meter read is scheduled.,1
C00925,I need to change my contact phone number on the account.,1
C00926,I am not satisfied with how my previous complaint was handled.,3
C00927,The email confirmation for my account change took two days to arrive.,2
C00928,Can you confirm my direct debit amount?,1
C00929,Response time was a bit slower than last time I called.,2
C00929,My meter reading submission didn't go through on the first try.,2
C00929,I was on hold for about 20 minutes which felt long.,2
C00930,The level of service I am receiving is completely unacceptable.,4
C00930,I was treated rudely on my last call and I want this addressed.,4
C00930,My bill was slightly higher than I expected this month.,2
C00930,I had trouble navigating the new online portal at first.,2
C00932,Calling to update my billing address.,1
C00933,The technician did not show up at the agreed time without any notice.,3
C00933,I feel like loyal customers are not being valued the way they should be.,3
C00934,Calling to update my billing address.,1
C00935,Could you send me a copy of last month's bill?,1
C00935,My bill was slightly higher than I expected this month.,2
C00936,I need to change my contact phone number on the account.,1
C00937,Quick question about the new tariff letter I received.,1
C00937,Response time was a bit slower than last time I called.,2
C00937,I had trouble navigating the new online portal at first.,2
C00938,I would like to know my current contract end date.,1
C00938,I am very unhappy with the service. My complaint from last month is still open.,4
C00939,I waited longer than usual for a callback but it came eventually.,2
C00940,I feel like loyal customers are not being valued the way they should be.,3
C00941,"There was a small discrepancy on my statement, now resolved.",2
C00941,This is absolutely disgraceful. I am filing a formal complaint with the regulator.,5
C00941,I have been waiting over a week for someone to call me back.,3
C00941,I was on hold for about 20 minutes which felt long.,2
C00941,Nobody in your company seems to take responsibility for anything.,4
C00941,Calling to update my billing address.,1
C00941,I want a full refund and I am cancelling everything today.,5
C00941,"Everything is fine, just updating my details.",1
C00942,I am not satisfied with how my previous complaint was handled.,3
C00942,I was treated rudely on my last call and I want this addressed.,4
C00943,The email confirmation for my account change took two days to arrive.,2
C00944,I would like to check my current balance please.,1
C00944,"There was a small discrepancy on my statement, now resolved.",2
C00945,The technician arrived a bit late but did a good job.,2
C00946,Could you send me a copy of last month's bill?,1
C00946,My account was charged incorrectly and I am still waiting for a credit.,3
C00947,My bill was slightly higher than I expected this month.,2
C00947,I am not satisfied with how my previous complaint was handled.,3
C00948,I am considering switching providers if this is not fixed immediately.,4
C00948,Response time was a bit slower than last time I called.,2
C00949,I need to change my contact phone number on the account.,1
C00949,My meter reading submission didn't go through on the first try.,2
C00949,I am considering switching providers if this is not fixed immediately.,4
C00949,My power has been out for two days and nobody has given me an update.,4
C00949,Can you confirm my direct debit amount?,1
C00950,I have escalated this complaint twice and it is still not resolved.,4
C00950,"Everything is fine, just updating my details.",1
C00950,I was treated rudely on my last call and I want this addressed.,4
C00951,I have been trying to get this resolved for two weeks now.,3
C00951,The rate increase was not communicated clearly and came as a surprise.,3
C00951,I have been trying to get this resolved for two weeks now.,3
C00951,My bill was slightly higher than I expected this month.,2
C00952,Quick question about the new tariff letter I received.,1
C00952,I am very unhappy with the service. My complaint from last month is still open.,4
C00952,My bill has errors and I have had to call twice about the same issue.,3
C00952,I have been trying to get this resolved for two weeks now.,3
C00952,I need to change my contact phone number on the account.,1
C00953,Calling to update my billing address.,1
C00953,I would like to check my current balance please.,1
C00953,I want to switch to paperless billing.,1
C00953,"There was a small discrepancy on my statement, now resolved.",2
C00955,The website was slow when I tried to log in yesterday.,2
C00957,I am not satisfied with how my previous complaint was handled.,3
C00957,The rate increase was not communicated clearly and came as a surprise.,3
C00959,Just checking when my next meter read is scheduled.,1
C00959,I was treated rudely on my last call and I want this addressed.,4
C00959,I am very unhappy with the service. My complaint from last month is still open.,4
C00960,I want a formal complaint registered. This has gone on too long.,4
C00960,"There was a small discrepancy on my statement, now resolved.",2
C00962,"Everything is fine, just updating my details.",1
C00962,I am considering switching providers if this is not fixed immediately.,4
C00962,The rate increase was not communicated clearly and came as a surprise.,3
C00963,The level of service I am receiving is completely unacceptable.,4
C00963,I have been without power for five days and your team does not care at all.,5
C00963,My account was charged incorrectly and I am still waiting for a credit.,3
C00964,I would like to know my current contract end date.,1
C00965,"Three technicians, three no-shows. I have lost my patience entirely.",5
C00965,I waited longer than usual for a callback but it came eventually.,2
C00965,The level of service I am receiving is completely unacceptable.,4
C00965,I have been without power for five days and your team does not care at all.,5
C00966,The website was slow when I tried to log in yesterday.,2
C00966,Calling to update my billing address.,1
C00967,The technician arrived a bit late but did a good job.,2
C00967,The rate increase was not communicated clearly and came as a surprise.,3
C00968,My bill was slightly higher than I expected this month.,2
C00968,I want a full refund and I am cancelling everything today.,5
C00969,The email confirmation for my account change took two days to arrive.,2
C00971,Your company has overcharged me for months and nobody will fix it.,5
C00971,I had trouble navigating the new online portal at first.,2
C00971,I am considering switching providers if this is not fixed immediately.,4
C00972,The online chat bot could not help me and I had to call anyway.,3
C00972,I was treated rudely on my last call and I want this addressed.,4
C00972,I am considering switching providers if this is not fixed immediately.,4
C00973,I would like to check my current balance please.,1
C00973,"Everything is fine, just updating my details.",1
C00974,"There was a small discrepancy on my statement, now resolved.",2
C00974,The email confirmation for my account change took two days to arrive.,2
C00975,The technician did not show up at the agreed time without any notice.,3
C00975,Can you confirm my direct debit amount?,1
C00976,Can you confirm my direct debit amount?,1
C00976,This is absolutely disgraceful. I am filing a formal complaint with the regulator.,5
C00977,My meter reading submission didn't go through on the first try.,2
C00977,Calling to update my billing address.,1
C00978,I am not satisfied with how my previous complaint was handled.,3
C00978,I took a day off work for the technician and nobody came.,4
C00979,The technician did not show up at the agreed time without any notice.,3
C00979,This is absolutely disgraceful. I am filing a formal complaint with the regulator.,5
C00979,I have been trying to get this resolved for two weeks now.,3
C00980,The technician did not show up at the agreed time without any notice.,3
C00981,Quick question about the new tariff letter I received.,1
C00983,Could you send me a copy of last month's bill?,1
C00984,Just checking when my next meter read is scheduled.,1
C00984,Nobody in your company seems to take responsibility for anything.,4
C00985,My power has been out for two days and nobody has given me an update.,4
C00985,I am considering switching providers if this is not fixed immediately.,4
C00986,"There was a small discrepancy on my statement, now resolved.",2
C00986,"There was a small discrepancy on my statement, now resolved.",2
C00987,"There was a small discrepancy on my statement, now resolved.",2
C00987,The technician did not show up at the agreed time without any notice.,3
C00987,The rate increase was not communicated clearly and came as a surprise.,3
C00988,Can you confirm my direct debit amount?,1
C00988,My account was charged incorrectly and I am still waiting for a credit.,3
C00989,Response time was a bit slower than last time I called.,2
C00991,I feel like loyal customers are not being valued the way they should be.,3
C00991,The email confirmation for my account change took two days to arrive.,2
C00991,I am going to leave a public review warning everyone about this company.,5
C00992,I want a formal complaint registered. This has gone on too long.,4
C00992,I have been waiting over a week for someone to call me back.,3
C00992,Calling to update my billing address.,1
C00992,I am very unhappy with the service. My complaint from last month is still open.,4
C00993,Just checking when my next meter read is scheduled.,1
C00993,I would like to check my current balance please.,1
C00993,The email confirmation for my account change took two days to arrive.,2
C00994,The rate increase was not communicated clearly and came as a surprise.,3
C00996,Quick question about the new tariff letter I received.,1
C00996,I am contacting my lawyer. This is negligent and completely unacceptable.,5
C00997,I want to switch to paperless billing.,1
C00998,I waited longer than usual for a callback but it came eventually.,2
C00998,Quick question about the new tariff letter I received.,1
C00999,Just checking when my next meter read is scheduled.,1
C01000,I have been trying to get this resolved for two weeks now.,3
